15582000000	15212000000
15582001000	15212501000
15582002000	15212502000
15582003000	15212503000
15582004000	15212504000
15582005000	15212505000
15582006000	15212506000
15582007000	15212507000
15582008000	15212508000
15582009000	15212509000
15582010000	15212510000
15582011000	15212511000
15582012000	15212512000
15582013000	15212513000
15582014000	15212514000
15582015000	15212515000
15582016000	15212516000
15582017000	15212517000
15582018000	15212518000
15582019000	15212519000
15582020000	15212520000
15582021000	15212521000
15582022000	15212522000
15582023000	15212523000
15582024000	15212524000
15582025000	15212525000
15583000000	15212000000
15583001000	15212526000
15583002000	15212527000
15583003000	15212528000
15583004000	15212529000
15583005000	15212530000
15583006000	15212531000
15583007000	15212532000
15583008000	15212533000
15583009000	15212534000
15583010000	15212535000
15583011000	15212536000
15583012000	15212537000
15583013000	15212538000
15583014000	15212539000
15583015000	15212540000
15583016000	15212541000
15583017000	15212542000
15583018000	15212543000
15583019000	15212544000
15583020000	15212545000
15583021000	15212546000
15583022000	15212547000
15583023000	15212548000
15583024000	15212549000
15583025000	15212550000
15583026000	15212551000
15583027000	15212552000
15583028000	15212553000
15583029000	15212554000
15583030000	15212555000
15583031000	15212556000
15583032000	15212557000
15583033000	15212558000
15583034000	15212559000
15583035000	15212560000
15583036000	15212561000
15584000000	15212000000
15584001000	15212562000
15584002000	15212563000
15584003000	15212564000
15584004000	15212565000
15584005000	15212566000
15584006000	15212567000
15584007000	15212568000
15584008000	15212569000
15584009000	15212570000
15584010000	15212571000
15584011000	15212572000
15584012000	15212573000
15584013000	15212574000
15584014000	15212575000
15584015000	15212576000
15584016000	15212577000
15584017000	15212578000
15584018000	15212579000
15584019000	15212580000
15584020000	15212581000
15584021000	15212582000
15584022000	15212583000
15584023000	15212584000
15584024000	15212585000
15584025000	15212586000
15584026000	15212587000
15584027000	15212588000
15584028000	15212589000
15584029000	15212590000
15584030000	15212591000
15584031000	15212592000
15584032000	15212593000
15584033000	15212594000
15584034000	15212595000
15584035000	15212596000
15584036000	15212597000
15584037000	15212598000
15584038000	15212599000
15584039000	15212600000
15584040000	15212601000
15584041000	15212602000
15584042000	15212603000
15584043000	15212604000
15584044000	15212605000
15584045000	15212606000
15584046000	15212607000
15584047000	15212608000
15585000000	15212000000
15585001000	15212609000
15585002000	15212610000
15585003000	15212611000
15585004000	15212612000
15585005000	15212613000
15585006000	15212614000
15585007000	15212615000
15585008000	15212616000
15585009000	15212617000
15585010000	15212618000
15585011000	15212619000
15585012000	15212620000
15585013000	15212621000
15585014000	15212622000
15585015000	15212623000
15585016000	15212624000
15585017000	15212625000
15585018000	15212626000
15585019000	15212627000
15585020000	15212628000
15585021000	15212629000
15585022000	15212630000
15585023000	15212631000
15585024000	15212632000
15585025000	15212633000
15585026000	15212634000
15585027000	15212635000
15585028000	15212636000
15585029000	15212637000
15585030000	15212638000
15585031000	15212639000
15585032000	15212640000
15585033000	15212641000
15585034000	15212642000
15585035000	15212643000
15585036000	15212644000
15585037000	15212645000
15585038000	15212646000
15585039000	15212647000
15585040000	15212648000
15585041000	15212649000
15585042000	15212650000
15585043000	15212651000
15585044000	15212652000
15585045000	15212653000
15585046000	15212654000
15585047000	15212655000
15585048000	15212656000
15585049000	15212657000
22426000000	22209000000
22426001000	22209501000
22426002000	22209502000
22426003000	22209503000
22426003101	22209503101
22426003102	22209503102
22426004000	22209504000
22426005000	22209505000
22426006000	22209506000
22426007000	22209507000
23601000000	23207000000
23601001000	23207501000
23601001101	23207501101
23601001102	23207501102
23601001103	23207501103
23601001104	23207501104
23601001105	23207501105
23601001106	23207501106
23601001107	23207501107
23601001108	23207501108
23601001109	23207501109
23601001110	23207501110
23601001111	23207501111
23601001112	23207501112
23601001113	23207501113
23601001114	23207501114
23601001115	23207501115
23601001116	23207501116
23601001117	23207501117
23601001118	23207501118
23601001119	23207501119
23601001120	23207501120
23601001121	23207501121
23601001122	23207501122
23601001123	23207501123
23601001124	23207501124
23601001125	23207501125
23601001126	23207501126
23601001127	23207501127
23601001128	23207501128
23601001129	23207501129
23601001130	23207501130
23601002000	23207502000
23601002101	23207502101
23601002102	23207502102
23601002103	23207502103
23601002104	23207502104
23601002105	23207502105
23601002106	23207502106
23601002107	23207502107
23601002108	23207502108
23601002109	23207502109
23601002110	23207502110
23601002111	23207502111
23601002112	23207502112
23601002113	23207502113
23601002114	23207502114
23601002115	23207502115
23601002116	23207502116
23601002117	23207502117
23601002118	23207502118
23601002119	23207502119
23601002120	23207502120
23601002121	23207502121
23601002122	23207502122
23601002123	23207502123
23601002124	23207502124
23601002125	23207502125
23601002126	23207502126
23601002127	23207502127
23601002128	23207502128
23601002129	23207502129
23601002130	23207502130
23601002131	23207502131
23601002132	23207502132
23601002133	23207502133
23601002134	23207502134
23601002135	23207502135
23601002136	23207502136
23601002137	23207502137
23601002138	23207502138
23601002139	23207502139
23601002140	23207502140
23601002141	23207502141
23601002142	23207502142
23601002143	23207502143
23601002144	23207502144
23601002145	23207502145
23601002146	23207502146
23601002147	23207502147
23601002148	23207502148
23601002149	23207502149
23601002150	23207502150
23601002151	23207502151
23601002152	23207502152
23601002153	23207502153
23601002154	23207502154
23601002155	23207502155
23601003000	23207503000
23601003101	23207503101
23601003102	23207503102
23601003103	23207503103
23601003104	23207503104
23601003105	23207503105
23601003106	23207503106
23601003107	23207503107
23601003108	23207503108
23601003109	23207503109
23601003110	23207503110
23601003111	23207503111
23601003112	23207503112
23601003113	23207503113
23601003114	23207503114
23601003115	23207503115
23601003116	23207503116
23601003117	23207503117
23601003118	23207503118
23601003119	23207503119
23601003120	23207503120
23601003121	23207503121
23601003122	23207503122
23601003123	23207503123
23601003124	23207503124
23601003125	23207503125
23601003126	23207503126
23601003127	23207503127
23601003128	23207503128
23601003129	23207503129
23601003130	23207503130
23601003131	23207503131
23601003132	23207503132
23601003133	23207503133
23601003134	23207503134
23601003135	23207503135
23601003136	23207503136
23601003137	23207503137
23601003138	23207503138
23601003139	23207503139
23601003140	23207503140
23601003141	23207503141
23601003142	23207503142
23601003143	23207503143
23601003144	23207503144
23601003145	23207503145
23601003146	23207503146
23601003147	23207503147
23601003148	23207503148
23601003149	23207503149
23601003150	23207503150
23601003151	23207503151
23601003152	23207503152
23601003153	23207503153
23601003154	23207503154
23601003155	23207503155
23601003156	23207503156
23601003157	23207503157
23601003158	23207503158
23601003159	23207503159
23601003160	23207503160
23601003161	23207503161
23601003162	23207503162
23601003163	23207503163
23601003164	23207503164
23601003165	23207503165
23601003166	23207503166
23601003167	23207503167
23601003168	23207503168
23601003169	23207503169
23601003170	23207503170
23601003171	23207503171
23601003172	23207503172
23601003173	23207503173
23601003174	23207503174
23601003175	23207503175
23601004000	23207504000
23604000000	23207000000
23604001000	23207505000
23604001101	23207505101
23604001102	23207505102
23604001103	23207505103
23604001104	23207505104
23604001105	23207505105
23604001106	23207505106
23604001107	23207505107
23604001108	23207505108
23604001109	23207505109
23604001110	23207505110
23604001111	23207505111
23604001112	23207505112
23604001113	23207505113
23604001114	23207505114
23604001115	23207505115
23604001116	23207505116
23604001117	23207505117
23604001118	23207505118
23604002000	23207506000
23604002101	23207506101
23604002102	23207506102
23604002103	23207506103
23604002104	23207506104
23604002105	23207506105
23604002106	23207506106
23604002107	23207506107
23604002108	23207506108
23604002109	23207506109
23604002110	23207506110
23604002111	23207506111
23604002112	23207506112
23604003000	23207507000
23604003101	23207507101
23604003102	23207507102
23604003103	23207507103
23604003104	23207507104
23604003105	23207507105
23604003106	23207507106
23604003107	23207507107
23604003108	23207507108
23604003109	23207507109
23604003110	23207507110
23604003111	23207507111
23604003112	23207507112
23604003113	23207507113
23604003114	23207507114
23604003115	23207507115
23604003116	23207507116
23604003117	23207507117
23604003118	23207507118
23604003119	23207507119
23604004000	23207508000
23604004101	23207508101
23604004102	23207508102
23604004103	23207508103
23604004104	23207508104
23604004105	23207508105
23604004106	23207508106
23604004107	23207508107
23604004108	23207508108
23604004109	23207508109
23604004110	23207508110
23604004111	23207508111
23604004112	23207508112
23604004113	23207508113
23604004114	23207508114
23604004115	23207508115
23604004116	23207508116
23604004117	23207508117
23604004118	23207508118
23604004119	23207508119
23604004120	23207508120
23604004121	23207508121
23604004122	23207508122
23604004123	23207508123
23604004124	23207508124
23604004125	23207508125
23604004126	23207508126
23604004127	23207508127
23604004128	23207508128
23604004129	23207508129
23604004130	23207508130
23604004131	23207508131
23604004132	23207508132
23604004133	23207508133
23604004134	23207508134
23604004135	23207508135
23604004136	23207508136
23604004137	23207508137
23604004138	23207508138
23604004139	23207508139
23604004140	23207508140
23604004141	23207508141
23604004142	23207508142
23604005000	23207509000
23604005101	23207509101
23604005102	23207509102
23604005103	23207509103
23604005104	23207509104
23604005105	23207509105
23604005106	23207509106
23604005107	23207509107
23604005108	23207509108
23604005109	23207509109
23604005110	23207509110
23604005111	23207509111
23604005112	23207509112
23604005113	23207509113
23604005114	23207509114
23604005115	23207509115
23604005116	23207509116
23604005117	23207509117
23604005118	23207509118
23604005119	23207509119
23604006000	23207510000
23604006101	23207510101
23604006102	23207510102
23604006103	23207510103
23604006104	23207510104
23604006105	23207510105
23604006106	23207510106
23604006107	23207510107
23604006108	23207510108
23604006109	23207510109
23604006110	23207510110
23604006111	23207510111
23604006112	23207510112
23604006113	23207510113
23604006114	23207510114
23604006115	23207510115
23604006116	23207510116
23604006117	23207510117
23604006118	23207510118
23604006119	23207510119
23604006120	23207510120
23604006121	23207510121
23604006122	23207510122
23604006123	23207510123
23604006124	23207510124
23604006125	23207510125
23604006126	23207510126
23604006127	23207510127
23604006128	23207510128
23604006129	23207510129
23604006130	23207510130
23604006131	23207510131
23604006132	23207510132
23604006133	23207510133
23604006134	23207510134
23604006135	23207510135
23604006136	23207510136
23604006137	23207510137
23604006138	23207510138
23604006139	23207510139
23604006140	23207510140
23604006141	23207510141
23604006142	23207510142
23604006143	23207510143
23604006144	23207510144
23604006145	23207510145
23604006146	23207510146
23604007000	23207511000
23604007101	23207511101
23604007102	23207511102
23604008000	23207512000
23604008101	23207512101
23604008102	23207512102
23604008103	23207512103
23604008104	23207512104
23604008105	23207512105
23604008106	23207512106
23604008107	23207512107
23604008108	23207512108
23604008109	23207512109
23604008110	23207512110
23604008111	23207512111
23604008112	23207512112
23604008113	23207512113
23604008114	23207512114
23604008115	23207512115
23604008116	23207512116
23604008117	23207512117
23604008118	23207512118
23604008119	23207512119
23604008120	23207512120
23604008121	23207512121
23604008122	23207512122
23604008123	23207512123
23604008124	23207512124
23604009000	23207513000
23604009101	23207513101
23604009102	23207513102
23604009103	23207513103
23604009104	23207513104
23604009105	23207513105
23604009106	23207513106
23604009107	23207513107
23604009108	23207513108
23604009109	23207513109
23604009110	23207513110
23604009111	23207513111
23604009112	23207513112
23604009113	23207513113
23604009114	23207513114
23604009115	23207513115
23604009116	23207513116
23604010000	23207514000
23604010101	23207514101
23604010102	23207514102
23604010103	23207514103
23604010104	23207514104
23604010105	23207514105
23604010106	23207514106
23604010107	23207514107
23604010108	23207514108
23604010109	23207514109
23604010110	23207514110
23604010111	23207514111
23604010112	23207514112
23604010113	23207514113
23604010114	23207514114
23604010115	23207514115
23604010116	23207514116
23604010117	23207514117
23604010118	23207514118
23604010119	23207514119
23604011000	23207515000
23604011101	23207515101
23604011102	23207515102
23604011103	23207515103
23604011104	23207515104
23604011105	23207515105
23604011106	23207515106
23604011107	23207515107
23604011108	23207515108
23604011109	23207515109
23604011110	23207515110
23604011111	23207515111
23604011112	23207515112
23604011113	23207515113
23604011114	23207515114
23604011115	23207515115
23604011116	23207515116
23604011117	23207515117
23604011118	23207515118
23604011119	23207515119
23604011120	23207515120
23604011121	23207515121
23604011122	23207515122
23604011123	23207515123
23604011124	23207515124
23604012000	23207516000
23604012101	23207516101
23604012102	23207516102
23604013000	23207517000
23604013101	23207517101
23604013102	23207517102
23604013103	23207517103
23604014000	23207518000
35461000000	35213000000
35461001000	35213501000
35461001101	35213501101
35461001102	35213501102
35461001103	35213501103
35461001104	35213501104
35461001105	35213501105
35461001106	35213501106
35461001107	35213501107
35461001108	35213501108
35461001109	35213501109
35461001110	35213501110
35461002000	35213502000
35461002101	35213502101
35461002102	35213502102
35461002103	35213502103
35461002104	35213502104
35461002105	35213502105
35461002106	35213502106
35461002107	35213502107
35461002108	35213502108
35461002109	35213502109
35461002110	35213502110
35461002111	35213502111
35461002112	35213502112
35461002113	35213502113
35461002114	35213502114
35461002115	35213502115
35461002116	35213502116
35461002117	35213502117
35461003000	35213503000
35461003101	35213503101
35461003102	35213503102
35461003103	35213503103
35461003104	35213503104
35461003105	35213503105
35461003106	35213503106
35461004000	35213504000
35461004101	35213504101
35461004102	35213504102
35461004103	35213504103
35461004104	35213504104
35461004105	35213504105
35461004106	35213504106
35461004107	35213504107
35461004108	35213504108
35461004109	35213504109
35461004110	35213504110
35461004111	35213504111
35461004112	35213504112
35461004113	35213504113
35461004114	35213504114
35461004115	35213504115
35461004116	35213504116
35461004117	35213504117
35461004118	35213504118
35461004119	35213504119
35461004120	35213504120
35461004121	35213504121
35461004122	35213504122
35461004123	35213504123
35461005000	35213505000
35461006000	35213506000
35461006101	35213506101
35461006102	35213506102
35461006103	35213506103
35461006104	35213506104
35461006105	35213506105
35461006106	35213506106
35461006107	35213506107
35461006108	35213506108
35461007000	35213507000
35461008000	35213508000
35461008101	35213508101
35461008102	35213508102
35461008103	35213508103
35461008104	35213508104
35461008105	35213508105
35461008106	35213508106
35461008107	35213508107
35461008108	35213508108
35461008109	35213508109
35461008110	35213508110
35461008111	35213508111
35462000000	35213000000
35462001000	35213509000
35462001101	35213509101
35462001102	35213509102
35462001103	35213509103
35462001104	35213509104
35462001105	35213509105
35462001106	35213509106
35462001107	35213509107
35462001108	35213509108
35462001109	35213509109
35462001110	35213509110
35462002000	35213510000
35462002101	35213510101
35462002102	35213510102
35462002103	35213510103
35462002104	35213510104
35462002105	35213510105
35462002106	35213510106
35462002107	35213510107
35462002108	35213510108
35462002109	35213510109
35462002110	35213510110
35462002111	35213510111
35462002112	35213510112
35462002113	35213510113
35462002114	35213510114
35462002115	35213510115
35462002116	35213510116
35462002117	35213510117
35462002118	35213510118
35462002119	35213510119
35462002120	35213510120
35462002121	35213510121
35462002122	35213510122
35462003000	35213511000
35462003101	35213511101
35462003102	35213511102
35462003103	35213511103
35462003104	35213511104
35462003105	35213511105
35462003106	35213511106
35462003107	35213511107
35462003108	35213511108
35462003109	35213511109
35462003110	35213511110
35462003111	35213511111
35462003112	35213511112
35462004000	35213512000
35462004101	35213512101
35462004102	35213512102
35462004103	35213512103
35462004104	35213512104
35462004105	35213512105
35462004106	35213512106
35462004107	35213512107
35462004108	35213512108
35462004109	35213512109
35462004110	35213512110
35462004111	35213512111
35462005000	35213513000
35462005101	35213513101
35462005102	35213513102
35462005103	35213513103
35462005104	35213513104
35462005105	35213513105
35462005106	35213513106
35462005107	35213513107
35462005108	35213513108
35462005109	35213513109
35462005110	35213513110
35462005111	35213513111
35462005112	35213513112
35462005113	35213513113
35462005114	35213513114
35462005115	35213513115
35462005116	35213513116
35462005117	35213513117
35462005118	35213513118
35462005119	35213513119
35462005120	35213513120
35462005121	35213513121
35462005122	35213513122
35462005123	35213513123
35462005124	35213513124
35462005125	35213513125
35462005126	35213513126
35462005127	35213513127
35462005128	35213513128
35462005129	35213513129
35462005130	35213513130
35462006000	35213514000
35462006101	35213514101
35462006102	35213514102
35462006103	35213514103
35462006104	35213514104
35462006105	35213514105
35462006106	35213514106
35462006107	35213514107
35462006108	35213514108
35462006109	35213514109
35462006110	35213514110
35462006111	35213514111
35462006112	35213514112
35462006113	35213514113
35462006114	35213514114
35462006115	35213514115
35462006116	35213514116
35462006117	35213514117
39383000000	39201000000
39383001000	39201501000
39383002000	39201502000
39383003000	39201503000
39383004000	39201504000
39383005000	39201505000
39383006000	39201506000
39383007000	39201507000
39383008000	39201508000
39383009000	39201509000
39383010000	39201510000
39383011000	39201511000
39383012000	39201512000
39383013000	39201513000
39383014000	39201514000
39383015001	39201515001
39383015002	39201515002
39383015003	39201515003
39383015004	39201515004
39383015005	39201515005
39383015006	39201515006
39383015007	39201515007
39383015008	39201515008
39383015009	39201515009
46323000000	46223000000
46323001000	46223501000
46323002000	46223502000
46323003000	46223503000
46323004000	46223504000
46323005000	46223505000
46344000000	46223000000
46344001000	46223506000
46344002000	46223507000
46344003000	46223508000
46344004000	46223509000
46344005000	46223510000
46344006000	46223511000
46344007000	46223512000
46344008000	46223513000
46345000000	46223000000
46345001000	46223514000
46345002000	46223515000
46345003000	46223516000
46345004000	46223517000
46345005000	46223518000
46345006000	46223519000
46345007000	46223520000
46345008000	46223521000
46345009000	46223522000
46345010000	46223523000
46345011000	46223524000
46345012000	46223525000
46345013000	46223526000
46345014000	46223527000
46345015000	46223528000
46345016000	46223529000
46345017000	46223530000
41201501000	41201350000
41201502000	41201351000
41201503000	41201352000
41201504000	41201353000
41201505000	41201354000
41201506000	41201355000
41201507000	41201356000
41201508000	41201357000
41201509000	41201358000
41201510000	41201364000
41201510101	41201364101
41201510102	41201364106
41201510103	41201364108
41201510104	41201364102
41201510105	41201364104
41201510106	41201364103
41201510107	41303001107
41201510108	41201364107
41201510109	41201364105
41201511000	41201365000
41201511101	41201365101
41201511102	41201365102
41201511103	41201365103
41201511104	41201365104
41201511105	41201365105
41201511106	41201365106
41201511107	41201365107
41201511108	41201365108
41201511109	41201365109
41201511110	41201365111
41201511111	41201365112
41201511112	41201365113
41201511113	41201365114
41201511114	41201365110
41201512000	41201366000
41201512101	41201366101
41201512102	41201366102
41201512103	41201366103
41201512104	41201366104
41201512105	41303003105
41201512106	41201366106
41201512107	41201366107
41201512108	41201366108
41201512109	41201366105
41201513000	41201359000
41201514000	41201360000
41201515000	41201361000
41201516000	41201362000
41201517000	41201363000
46505501000	46505002000
46505502000	46505004000
46505503000	46505005000
46505504000	46505008000
46505505000	46505009000
46505506000	46505010000
46505507000	46505015000
46505508000	46505018000
46505509000	46505001000
46505510000	46505003000
46505511000	46505006000
46505512000	46505007000
46505513000	46505011000
46505514000	46505012000
46505515000	46505013000
46505516000	46505014000
46505517000	46505016000
46505517101	46505016101
46505518000	46505017000
