2139	国の機関	1	設定対象外	1	1	0
2140	都道府県庁	1	設定対象外	1	1	0
2141	市役所	1	設定対象外	1	1	0
2142	区役所	1	設定対象外	1	1	0
2143	町村役場	1	設定対象外	1	1	0
2144	市区町村役場出張所	1	設定対象外	1	1	0
2145	警察署	1	設定対象外	1	1	0
2146	消防署	1	設定対象外	1	1	0
2147	裁判所	1	設定対象外	1	1	0
2148	法務局	1	設定対象外	1	1	0
2149	税務署	1	設定対象外	1	1	0
2150	病院	1	設定対象外	1	1	0
2152	葬儀場	1	設定対象外	1	1	0
2153	結婚式場	1	設定対象外	1	1	0
2154	ハローワーク	1	設定対象外	1	1	0
2155	空港	1	設定対象外	1	1	0
2157	空港ターミナルポイント	1	設定対象外	0	0	0
2159	【三菱電機専用】空港ターミナルポイント	1	設定対象外	0	0	0
2160	フェリー発着所	1	設定対象外	0	0	0
2161	旅客船等発着所	1	設定対象外	0	0	0
2162	トラックターミナル	1	設定対象外	0	0	0
2163	バスターミナル	1	設定対象外	1	1	0
2164	日本道路交通情報センター	1	設定対象外	1	1	0
2165	道の駅	1	設定対象外	1	1	0
2166	大学	1	設定対象外	1	1	0
2167	短期大学	1	設定対象外	1	1	0
2168	高等専門学校	1	設定対象外	1	1	0
2169	高等学校	1	設定対象外	1	1	0
2171	中学校	1	設定対象外	1	1	0
2173	小学校	1	設定対象外	1	1	0
2177	特別支援学校	1	設定対象外	1	1	0
2178	民族学校	1	設定対象外	1	1	0
2179	公園・緑地	1	設定対象外	0	0	0
2180	名所・旧跡	1	設定対象外	0	0	0
2181	神社	1	設定対象外	0	0	0
2182	寺	1	設定対象外	0	0	0
2183	城・城跡	1	設定対象外	0	0	0
2184	美術館	1	設定対象外	1	1	0
2185	博物館	1	設定対象外	1	1	0
2186	資料館	1	設定対象外	1	1	0
2187	動物園	1	設定対象外	1	1	0
2188	植物園	1	設定対象外	1	1	0
2189	水族館	1	設定対象外	1	1	0
2190	ホール・劇場	1	設定対象外	1	1	0
2191	展示場	1	設定対象外	1	1	0
2192	図書館	1	設定対象外	1	1	0
2194	プラネタリウム	1	設定対象外	1	1	0
2195	天文台	1	設定対象外	1	1	0
2196	ペンション・プチホテル	1	設定対象外	1	1	0
2197	ビジネスホテル	1	設定対象外	1	1	0
2210	公共宿舎	1	設定対象外	1	1	0
2211	温泉地	1	設定対象外	0	0	0
2213	日帰り温泉	1	設定対象外	1	1	0
2214	遊園地	1	設定対象外	1	1	0
2215	ヨットハーバー・マリーナ	1	設定対象外	1	1	0
2216	ゴルフ場（本コース）	1	設定対象外	1	1	0
2217	ゴルフ場（ショートコース）	1	設定対象外	1	1	0
2218	野球場	1	設定対象外	0	0	0
2219	海水浴場	1	設定対象外	0	0	0
2220	スキー場	1	設定対象外	1	1	0
2221	バス釣り場	1	設定対象外	0	0	0
2222	観光牧場	1	設定対象外	1	1	0
2224	観光タワー	1	設定対象外	0	0	0
2227	総合リゾート	1	設定対象外	1	1	0
2228	キャンプ場	1	設定対象外	1	1	0
2229	オートキャンプ場	1	設定対象外	1	1	0
2230	ボウリング場	1	設定対象外	1	1	0
2232	映画館	1	設定対象外	1	1	0
2233	サーキット場（オンロード）	1	設定対象外	1	1	0
2234	サーキット場（オフロード）	1	設定対象外	1	1	0
2235	オートレース場	1	設定対象外	1	1	0
2237	体育館	1	設定対象外	0	0	0
2239	競技場	1	設定対象外	0	0	0
2240	サッカー場	1	設定対象外	0	0	0
2241	テニスコート	1	設定対象外	0	0	0
2242	スケート場	1	設定対象外	1	1	0
2243	プール	1	設定対象外	1	1	0
2244	ゴルフ練習場	1	設定対象外	1	1	0
2245	競馬場	1	設定対象外	1	1	0
2246	競輪場	1	設定対象外	1	1	0
2247	ボートレース場	1	設定対象外	1	1	0
2248	場外馬券場（ＷＩＮＳ）	1	設定対象外	0	0	0
2249	公衆トイレ	1	設定対象外	0	0	0
2250	地ビール	1	設定対象外	1	1	0
2251	地ワイン	1	設定対象外	1	1	0
2252	潮干狩り	1	設定対象外	0	0	0
2253	いちご狩り	1	設定対象外	0	0	0
2254	かき狩り	1	設定対象外	0	0	0
2255	キウイ狩り	1	設定対象外	0	0	0
2256	くり拾い	1	設定対象外	0	0	0
2257	さくらんぼ狩り	1	設定対象外	0	0	0
2258	しいたけ狩り	1	設定対象外	0	0	0
2259	たけのこ狩り	1	設定対象外	0	0	0
2260	なし狩り	1	設定対象外	0	0	0
2261	ぶどう狩り	1	設定対象外	0	0	0
2262	プラム狩り	1	設定対象外	0	0	0
2263	ブルーベリー狩り	1	設定対象外	0	0	0
2264	プルーン狩り	1	設定対象外	0	0	0
2265	まつたけ狩り	1	設定対象外	0	0	0
2266	みかん狩り	1	設定対象外	0	0	0
2267	もも狩り	1	設定対象外	0	0	0
2268	りんご狩り	1	設定対象外	0	0	0
2269	さつまいも掘り	1	設定対象外	0	0	0
2270	じゃがいも掘り	1	設定対象外	0	0	0
2271	やまいも掘り	1	設定対象外	0	0	0
2272	わらび狩り	1	設定対象外	0	0	0
2273	灯台	1	設定対象外	0	0	0
2274	峠	1	設定対象外	0	0	0
2275	日本一スポット	1	設定対象外	0	0	0
2276	紅葉	1	設定対象外	0	0	0
2277	野・川遊び	1	設定対象外	0	0	0
2278	花のきれいなスポット	1	設定対象外	0	0	0
2279	星のきれいなスポット	1	設定対象外	0	0	0
2280	夜景	1	設定対象外	0	0	0
2281	さくら百選	1	設定対象外	0	0	0
2282	名山百選	1	設定対象外	0	0	0
2283	森百選	1	設定対象外	0	0	0
2284	名木百選	1	設定対象外	0	0	0
2285	自然百選	1	設定対象外	0	0	0
2286	滝百選	1	設定対象外	0	0	0
2287	渚百選	1	設定対象外	0	0	0
2288	白砂青松百選	1	設定対象外	0	0	0
2289	名水・湧水百選	1	設定対象外	0	0	0
2290	四国八十八ケ所	1	設定対象外	1	1	0
2291	北海道三十三観音	1	設定対象外	1	1	0
2292	津軽三十三観音	1	設定対象外	1	1	0
2293	奥州三十三観音	1	設定対象外	1	1	0
2294	最上三十三観音	1	設定対象外	1	1	0
2295	会津三十三観音	1	設定対象外	1	1	0
2296	関東八十八ヶ所	1	設定対象外	1	1	0
2297	坂東三十三観音	1	設定対象外	1	1	0
2298	秩父三十四観音	1	設定対象外	1	1	0
2299	武蔵野三十三観音	1	設定対象外	1	1	0
2300	安房三十四観音	1	設定対象外	1	1	0
2301	鎌倉三十三観音	1	設定対象外	1	1	0
2302	信濃三十三観音	1	設定対象外	1	1	0
2303	伊豆横道三十三観音	1	設定対象外	1	1	0
2304	尾張三十三ヶ所	1	設定対象外	1	1	0
2305	西国三十三観音	1	設定対象外	1	1	0
2306	洛西三十三ヶ所	1	設定対象外	1	1	0
2307	中国三十三観音	1	設定対象外	1	1	0
2308	出雲三十三観音	1	設定対象外	1	1	0
2309	九州西国観音巡礼	1	設定対象外	1	1	0
2310	ペットと泊まれる宿泊施設	1	設定対象外	0	0	0
2311	ペットと泊まれるキャンプ場	1	設定対象外	0	0	0
2312	ペットと入れるレストラン	1	設定対象外	0	0	0
2313	ペットと行ける観光名所	1	設定対象外	0	0	0
2314	ドッグスクール	1	設定対象外	0	0	0
2315	ドッグラン＆ドッグスパ	1	設定対象外	0	0	0
2316	身障者対応施設（宿泊施設）	1	設定対象外	0	0	0
2317	身障者対応施設（レストラン）	1	設定対象外	0	0	0
2318	自動車検査独立行政法人（陸運局）	1	設定対象外	1	1	0
2319	免許センター	1	設定対象外	1	1	0
2320	ＪＡＦ	1	設定対象外	1	1	0
2321	パーキングメーター・チケット	1	設定対象外	0	0	0
2322	駐車場（民間賃貸）	1	設定対象外	0	0	0
2323	駐車場（コインパーキング）	1	設定対象外	0	0	0
2324	駐車場（ホテル）	1	設定対象外	0	0	0
2325	駐車場（大型小売）	1	設定対象外	0	0	0
2326	駐車場（公営賃貸）	1	設定対象外	0	0	0
2327	自動車修理	1150	カーコンビニ倶楽部	1	1	0
2327	自動車修理	2283	ロータスクラブ	0	0	0
2328	カーディーラー	1095	トヨタ店	0	0	1
2328	カーディーラー	1096	トヨペット店	0	0	1
2328	カーディーラー	1097	トヨタカローラ店	0	0	1
2328	カーディーラー	1098	ネッツトヨタ店	0	0	1
2328	カーディーラー	1099	レクサス	0	0	1
2328	カーディーラー	1108	Ｈｏｎｄａ　Ｃａｒｓ	0	0	1
2328	カーディーラー	1109	三菱	0	0	1
2328	カーディーラー	1110	三菱ふそう	0	0	1
2328	カーディーラー	1111	マツダ	0	0	1
2328	カーディーラー	1112	マツダアンフィニ	0	0	1
2328	カーディーラー	1113	マツダオートザム	0	0	1
2328	カーディーラー	1114	フォード	0	0	1
2328	カーディーラー	1115	ダイハツ	0	0	1
2328	カーディーラー	1116	スバル	0	0	1
2328	カーディーラー	1117	スズキ	0	0	1
2328	カーディーラー	1118	ヤナセ	0	0	1
2328	カーディーラー	1119	メルセデスベンツ	0	0	1
2328	カーディーラー	1120	ＢＭＷ	0	0	1
2328	カーディーラー	1121	ＡＵＤＩ	0	0	1
2328	カーディーラー	1122	ＶＷ	0	0	1
2328	カーディーラー	1124	ボルボ	0	0	1
2328	カーディーラー	1125	ジャガー	0	0	1
2328	カーディーラー	1126	フィアット	0	0	1
2328	カーディーラー	1127	プジョー	0	0	1
2328	カーディーラー	1128	日野	0	0	1
2328	カーディーラー	1129	ＵＤトラックス	0	0	1
2328	カーディーラー	2201	ポルシェ	0	0	1
2328	カーディーラー	2245	クライスラー・ジープ	0	0	1
2328	カーディーラー	2246	ＣＯＲＮＥＳ	0	0	1
2328	カーディーラー	2247	シトロエン	0	0	1
2328	カーディーラー	2248	ＭＩＮＩ	0	0	1
2328	カーディーラー	2249	ランドローバー	0	0	1
2328	カーディーラー	2250	ルノー	0	0	1
2328	カーディーラー	2347	アルファ・ロメオ	0	0	1
2328	カーディーラー	2348	日産	0	0	1
2328	カーディーラー	2358	アバルト	0	0	1
2329	カーディーラー中古車販売店	1095	トヨタ店	0	0	1
2329	カーディーラー中古車販売店	1096	トヨペット店	0	0	1
2329	カーディーラー中古車販売店	1097	トヨタカローラ店	0	0	1
2329	カーディーラー中古車販売店	1098	ネッツトヨタ店	0	0	1
2329	カーディーラー中古車販売店	1099	レクサス	0	0	1
2329	カーディーラー中古車販売店	1115	ダイハツ	0	0	1
2329	カーディーラー中古車販売店	1124	ボルボ	0	0	1
2329	カーディーラー中古車販売店	1126	フィアット	0	0	1
2329	カーディーラー中古車販売店	1134	ホンダオートテラス	0	0	1
2329	カーディーラー中古車販売店	2347	アルファ・ロメオ	0	0	1
2330	カーディーラー修理・サービス	1119	メルセデスベンツ	0	0	0
2330	カーディーラー修理・サービス	1124	ボルボ	0	0	1
2330	カーディーラー修理・サービス	2245	クライスラー・ジープ	0	0	1
2330	カーディーラー修理・サービス	2358	アバルト	0	0	1
2331	カーディーラー部品販売	1100	トヨタ共販店	0	0	1
2331	カーディーラー部品販売	1104	日産（その他）	0	0	1
2335	レンタカー	1137	ニッポンレンタカー	0	0	1
2335	レンタカー	1138	トヨタレンタリース	0	0	1
2335	レンタカー	1139	日産レンタカー	0	0	1
2335	レンタカー	1140	オリックスレンタカー	0	0	1
2335	レンタカー	1141	駅レンタカー	0	0	1
2335	レンタカー	1142	ＯＴＳレンタカー	0	0	1
2335	レンタカー	1145	タイムズカーレンタル	0	0	1
2335	レンタカー	1147	バジェットレンタカー	0	0	1
2335	レンタカー	1148	ジャパンレンタカー	0	0	1
2335	レンタカー	2194	ＭＭＣレンタカー	0	0	1
2335	レンタカー	2195	Ｊネットレンタカー	0	0	1
2335	レンタカー	2196	スカイレンタカー	0	0	1
2335	レンタカー	2325	ビジネスレンタリース	0	0	1
2335	レンタカー	2339	パラダイスレンタカー	0	0	1
2335	レンタカー	2340	ウィングレンタカー	0	0	1
2335	レンタカー	2389	Ｆレンタカー	0	0	1
2335	レンタカー	2390	フジレンタカー	0	0	1
2335	レンタカー	2391	ＡＢＣレンタカー	0	0	1
2335	レンタカー	2392	トラベルレンタカー	0	0	1
2335	レンタカー	2393	ホンダレンタリース	0	0	1
2335	レンタカー	2394	ホンダオートレンタカー	0	0	1
2336	ｉＰＣカー用品店	1054	オートバックスエクスプレス（ＧＳ）	0	0	1
2336	ｉＰＣカー用品店	1055	その他カー用品	0	0	1
2336	ｉＰＣカー用品店	1056	オートバックス	0	0	1
2336	ｉＰＣカー用品店	1057	イエローハット	0	0	1
2336	ｉＰＣカー用品店	1058	コクピット	0	0	1
2336	ｉＰＣカー用品店	1060	オートアールズ	0	0	1
2336	ｉＰＣカー用品店	1061	オートワールド	0	0	1
2336	ｉＰＣカー用品店	1064	オートウェイ	0	0	1
2336	ｉＰＣカー用品店	1066	モンテカルロ	0	0	1
2336	ｉＰＣカー用品店	1068	ファミリーユサ	0	0	1
2336	ｉＰＣカー用品店	1069	ニッカ	0	0	1
2336	ｉＰＣカー用品店	1070	オートハウスカル	0	0	1
2336	ｉＰＣカー用品店	1072	サンジョウ	0	0	1
2336	ｉＰＣカー用品店	1074	オートウェーブ	0	0	1
2336	ｉＰＣカー用品店	1076	カムイ	0	0	1
2336	ｉＰＣカー用品店	1077	ツルタ	0	0	1
2336	ｉＰＣカー用品店	1079	ロードスター	0	0	1
2336	ｉＰＣカー用品店	1082	タイヤ館	0	0	1
2336	ｉＰＣカー用品店	1083	ジェームス	0	0	1
2336	ｉＰＣカー用品店	1088	スーパーオートバックスＲ	0	0	1
2336	ｉＰＣカー用品店	1089	スーパーオートバックスＧ	0	0	1
2336	ｉＰＣカー用品店	1090	スーパーオートバックスＢ	0	0	1
2336	ｉＰＣカー用品店	1091	タイヤセレクト	0	0	1
2336	ｉＰＣカー用品店	1093	オートバックス走り屋天国セコハン市場	0	0	1
2336	ｉＰＣカー用品店	2187	オートランド	0	0	1
2336	ｉＰＣカー用品店	2188	グランドスラム	0	0	1
2336	ｉＰＣカー用品店	2189	タイヤガーデン	0	0	1
2336	ｉＰＣカー用品店	2190	タイヤタウン	0	0	1
2336	ｉＰＣカー用品店	2191	タイヤランド	0	0	1
2336	ｉＰＣカー用品店	2192	ミスタータイヤマン	0	0	1
2336	ｉＰＣカー用品店	2193	ランドマーク	0	0	1
2336	ｉＰＣカー用品店	2200	カルバン	0	0	1
2336	ｉＰＣカー用品店	2359	オートバックスセコハン市場	0	0	1
2337	ＰＥＣカー用品店	1055	その他カー用品	0	0	0
2337	ＰＥＣカー用品店	1075	シノツカ	0	0	0
2337	ＰＥＣカー用品店	1085	カレスト	0	0	0
2338	ガソリンスタンド	1027	Ｅｓｓｏ	1	1	0
2338	ガソリンスタンド	1028	出光興産	1	1	0
2338	ガソリンスタンド	1029	コスモ石油	1	1	0
2338	ガソリンスタンド	1030	Ｍｏｂｉｌ	1	1	0
2338	ガソリンスタンド	1031	昭和シェル石油	1	1	0
2338	ガソリンスタンド	1033	ゼネラル	1	1	0
2338	ガソリンスタンド	1034	ＭＯＣ	1	1	0
2338	ガソリンスタンド	1037	キグナス石油	1	1	0
2338	ガソリンスタンド	1038	ホクレン	1	1	0
2338	ガソリンスタンド	1039	ＳＯＬＡＴＯ	1	1	0
2338	ガソリンスタンド	1040	ＥＮＥＯＳ	1	1	0
2338	ガソリンスタンド	2285	ＪＡ‐ＳＳ	1	1	0
2338	ガソリンスタンド	2286	三菱商事石油	1	1	0
2338	ガソリンスタンド	2287	帝石	1	1	0
2339	ショッピングモール	1	設定対象外	0	1	0
2340	駅ビル	1	設定対象外	0	1	0
2341	アウトレットモール	1	設定対象外	0	1	0
2342	百貨店	318	その他デパート	1	1	0
2342	百貨店	319	三越	1	1	0
2342	百貨店	320	西武	1	1	0
2342	百貨店	321	東急	1	1	0
2342	百貨店	322	小田急	1	1	0
2342	百貨店	323	高島屋	1	1	0
2342	百貨店	324	大丸	1	1	0
2342	百貨店	325	松坂屋	1	1	0
2342	百貨店	326	そごう	1	1	0
2342	百貨店	328	伊勢丹	1	1	0
2342	百貨店	329	阪神	1	1	0
2342	百貨店	330	阪急	1	1	0
2342	百貨店	331	近鉄	1	1	0
2342	百貨店	332	東武	1	1	0
2342	百貨店	334	京王	1	1	0
2342	百貨店	338	丸井今井	1	1	0
2342	百貨店	340	さいか屋	1	1	0
2342	百貨店	341	井筒屋	1	1	0
2342	百貨店	342	岡島	1	1	0
2342	百貨店	343	丸広	1	1	0
2342	百貨店	344	京阪	1	1	0
2342	百貨店	345	大和	1	1	0
2342	百貨店	346	天満屋	1	1	0
2342	百貨店	347	一畑	1	1	0
2342	百貨店	348	井上	1	1	0
2342	百貨店	349	岩田屋	1	1	0
2342	百貨店	350	遠鉄	1	1	0
2342	百貨店	351	大沼	1	1	0
2342	百貨店	352	川徳	1	1	0
2342	百貨店	353	グランデュオ	1	1	0
2342	百貨店	354	京急	1	1	0
2342	百貨店	355	京成	1	1	0
2342	百貨店	357	山陽	1	1	0
2342	百貨店	359	スズラン	1	1	0
2342	百貨店	360	玉屋	1	1	0
2342	百貨店	362	中合	1	1	0
2342	百貨店	363	中三	1	1	0
2342	百貨店	364	鶴屋	1	1	0
2342	百貨店	365	トキハ	1	1	0
2342	百貨店	366	浜屋	1	1	0
2342	百貨店	367	福屋	1	1	0
2342	百貨店	368	藤崎	1	1	0
2342	百貨店	369	藤丸	1	1	0
2342	百貨店	370	プランタン銀座	1	1	0
2342	百貨店	372	松菱	1	1	0
2342	百貨店	373	松屋（デパート）	1	1	0
2342	百貨店	374	丸栄	1	1	0
2342	百貨店	375	マルカン	1	1	0
2342	百貨店	377	名鉄	1	1	0
2342	百貨店	378	八木橋	1	1	0
2342	百貨店	379	ヤナゲン	1	1	0
2342	百貨店	380	山形屋	1	1	0
2342	百貨店	381	ヤマトヤシキ	1	1	0
2342	百貨店	382	リウボウ	1	1	0
2342	百貨店	384	ＩＫＥＵＣＨＩ	1	1	0
2342	百貨店	385	めいてつエムザ	1	1	0
2342	百貨店	386	さくら野百貨店	1	1	0
2342	百貨店	2176	西條	1	1	0
2342	百貨店	2177	福田屋	1	1	0
2342	百貨店	2178	ＬＩＶＩＮ	1	1	0
2343	専門店	327	丸井	1	1	0
2343	専門店	333	パルコ	1	1	0
2343	専門店	335	東急ハンズ	1	1	0
2343	専門店	336	ロフト	1	1	0
2343	専門店	337	ビブレ	1	1	0
2343	専門店	371	松木屋	1	1	0
2343	専門店	753	シャンブル	1	1	0
2343	専門店	2179	ルミネ	1	1	0
2344	ｉＰＣ家電店	831	コジマ	1	1	0
2344	ｉＰＣ家電店	833	ジョーシンデンキ	1	1	0
2344	ｉＰＣ家電店	834	マツヤデンキ	1	1	0
2344	ｉＰＣ家電店	836	ヤマダ電機	1	1	0
2344	ｉＰＣ家電店	837	ラオックス	1	1	0
2344	ｉＰＣ家電店	845	ベスト電器	1	1	0
2344	ｉＰＣ家電店	847	ノジマ	1	1	0
2344	ｉＰＣ家電店	856	１００満ボルト	1	1	0
2344	ｉＰＣ家電店	857	Ｊ＆Ｐ	1	1	0
2344	ｉＰＣ家電店	858	ビックカメラ	1	1	0
2344	ｉＰＣ家電店	859	ヨドバシカメラ	1	1	0
2344	ｉＰＣ家電店	861	ケーズデンキ	1	1	0
2344	ｉＰＣ家電店	864	ギガス	1	1	0
2344	ｉＰＣ家電店	865	ダイナマイト	1	1	0
2344	ｉＰＣ家電店	867	ベイシア電器	1	1	0
2344	ｉＰＣ家電店	871	ＣａＤｅｎ	1	1	0
2344	ｉＰＣ家電店	872	コスモスベリーズ	1	1	0
2344	ｉＰＣ家電店	2237	エディオン	1	1	0
2346	郵便局（金融）	1	設定対象外	0	1	0
2347	郵便局ＡＴＭ	1	設定対象外	0	0	0
2348	銀行	1154	三井住友銀行	0	1	0
2348	銀行	1155	みずほ銀行	0	1	0
2348	銀行	1157	りそな銀行	0	1	0
2348	銀行	1158	埼玉りそな銀行	0	1	0
2348	銀行	1159	あおぞら銀行	0	1	0
2348	銀行	1160	新生銀行	0	1	0
2348	銀行	1161	三菱東京ＵＦＪ銀行	0	1	0
2348	銀行	1163	北海道銀行	0	1	0
2348	銀行	1164	青森銀行	0	1	0
2348	銀行	1165	みちのく銀行	0	1	0
2348	銀行	1166	秋田銀行	0	1	0
2348	銀行	1167	北都銀行	0	1	0
2348	銀行	1168	荘内銀行	0	1	0
2348	銀行	1169	山形銀行	0	1	0
2348	銀行	1170	岩手銀行	0	1	0
2348	銀行	1171	東北銀行	0	1	0
2348	銀行	1172	七十七銀行	0	1	0
2348	銀行	1173	東邦銀行	0	1	0
2348	銀行	1174	群馬銀行	0	1	0
2348	銀行	1175	足利銀行	0	1	0
2348	銀行	1176	常陽銀行	0	1	0
2348	銀行	1177	武蔵野銀行	0	1	0
2348	銀行	1178	千葉銀行	0	1	0
2348	銀行	1179	千葉興業銀行	0	1	0
2348	銀行	1180	東京都民銀行	0	1	0
2348	銀行	1181	横浜銀行	0	1	0
2348	銀行	1182	第四銀行	0	1	0
2348	銀行	1183	北越銀行	0	1	0
2348	銀行	1184	山梨中央銀行	0	1	0
2348	銀行	1185	八十二銀行	0	1	0
2348	銀行	1186	北陸銀行	0	1	0
2348	銀行	1187	富山銀行	0	1	0
2348	銀行	1188	北國銀行	0	1	0
2348	銀行	1189	福井銀行	0	1	0
2348	銀行	1190	静岡銀行	0	1	0
2348	銀行	1191	スルガ銀行	0	1	0
2348	銀行	1192	清水銀行	0	1	0
2348	銀行	1193	大垣共立銀行	0	1	0
2348	銀行	1194	十六銀行	0	1	0
2348	銀行	1195	三重銀行	0	1	0
2348	銀行	1196	百五銀行	0	1	0
2348	銀行	1197	滋賀銀行	0	1	0
2348	銀行	1198	京都銀行	0	1	0
2348	銀行	1201	南都銀行	0	1	0
2348	銀行	1202	紀陽銀行	0	1	0
2348	銀行	1203	但馬銀行	0	1	0
2348	銀行	1204	鳥取銀行	0	1	0
2348	銀行	1205	山陰合同銀行	0	1	0
2348	銀行	1206	中国銀行	0	1	0
2348	銀行	1207	広島銀行	0	1	0
2348	銀行	1208	山口銀行	0	1	0
2348	銀行	1209	阿波銀行	0	1	0
2348	銀行	1210	百十四銀行	0	1	0
2348	銀行	1211	伊予銀行	0	1	0
2348	銀行	1212	四国銀行	0	1	0
2348	銀行	1213	福岡銀行	0	1	0
2348	銀行	1214	筑邦銀行	0	1	0
2348	銀行	1215	佐賀銀行	0	1	0
2348	銀行	1216	十八銀行	0	1	0
2348	銀行	1217	親和銀行	0	1	0
2348	銀行	1218	肥後銀行	0	1	0
2348	銀行	1219	大分銀行	0	1	0
2348	銀行	1220	宮崎銀行	0	1	0
2348	銀行	1221	鹿児島銀行	0	1	0
2348	銀行	1222	琉球銀行	0	1	0
2348	銀行	1223	沖縄銀行	0	1	0
2348	銀行	1224	近畿大阪銀行	0	1	0
2348	銀行	1226	西日本シティ銀行	0	1	0
2348	銀行	1228	北洋銀行	0	1	0
2348	銀行	1229	第三銀行	0	1	0
2348	銀行	1234	北日本銀行	0	1	0
2348	銀行	1235	仙台銀行	0	1	0
2348	銀行	1236	福島銀行	0	1	0
2348	銀行	1237	大東銀行	0	1	0
2348	銀行	1238	大正銀行	0	1	0
2348	銀行	1239	東和銀行	0	1	0
2348	銀行	1241	栃木銀行	0	1	0
2348	銀行	1244	京葉銀行	0	1	0
2348	銀行	1245	島根銀行	0	1	0
2348	銀行	1246	東日本銀行	0	1	0
2348	銀行	1247	トマト銀行	0	1	0
2348	銀行	1248	神奈川銀行	0	1	0
2348	銀行	1249	西京銀行	0	1	0
2348	銀行	1250	徳島銀行	0	1	0
2348	銀行	1251	大光銀行	0	1	0
2348	銀行	1252	香川銀行	0	1	0
2348	銀行	1253	長野銀行	0	1	0
2348	銀行	1254	愛媛銀行	0	1	0
2348	銀行	1255	富山第一銀行	0	1	0
2348	銀行	1256	高知銀行	0	1	0
2348	銀行	1257	福邦銀行	0	1	0
2348	銀行	1258	福岡中央銀行	0	1	0
2348	銀行	1259	静岡中央銀行	0	1	0
2348	銀行	1260	佐賀共栄銀行	0	1	0
2348	銀行	1261	長崎銀行	0	1	0
2348	銀行	1263	愛知銀行	0	1	0
2348	銀行	1264	熊本銀行	0	1	0
2348	銀行	1265	名古屋銀行	0	1	0
2348	銀行	1266	豊和銀行	0	1	0
2348	銀行	1267	中京銀行	0	1	0
2348	銀行	1268	宮崎太陽銀行	0	1	0
2348	銀行	1269	南日本銀行	0	1	0
2348	銀行	1270	沖縄海邦銀行	0	1	0
2348	銀行	1271	八千代銀行	0	1	0
2348	銀行	1272	みなと銀行	0	1	0
2348	銀行	1273	東京スター銀行	0	1	0
2348	銀行	1274	関西アーバン銀行	0	1	0
2348	銀行	1275	もみじ銀行	0	1	0
2348	銀行	1286	みずほ信託銀行	0	1	0
2348	銀行	1288	三菱ＵＦＪ信託銀行	0	1	0
2348	銀行	1290	シティバンク	0	1	0
2348	銀行	2088	きらやか銀行	0	1	0
2348	銀行	2291	筑波銀行	0	1	0
2348	銀行	2308	池田泉州銀行	0	1	0
2348	銀行	2324	ゆうちょ銀行	0	1	0
2348	銀行	2353	北九州銀行	0	1	0
2348	銀行	2356	三井住友信託銀行	0	1	0
2349	銀行ＡＴＭ	1154	三井住友銀行	0	0	0
2349	銀行ＡＴＭ	1155	みずほ銀行	0	0	0
2349	銀行ＡＴＭ	1157	りそな銀行	0	0	0
2349	銀行ＡＴＭ	1158	埼玉りそな銀行	0	0	0
2349	銀行ＡＴＭ	1159	あおぞら銀行	0	0	0
2349	銀行ＡＴＭ	1160	新生銀行	0	0	0
2349	銀行ＡＴＭ	1161	三菱東京ＵＦＪ銀行	0	0	0
2349	銀行ＡＴＭ	1163	北海道銀行	0	0	0
2349	銀行ＡＴＭ	1164	青森銀行	0	0	0
2349	銀行ＡＴＭ	1165	みちのく銀行	0	0	0
2349	銀行ＡＴＭ	1166	秋田銀行	0	0	0
2349	銀行ＡＴＭ	1167	北都銀行	0	0	0
2349	銀行ＡＴＭ	1168	荘内銀行	0	0	0
2349	銀行ＡＴＭ	1169	山形銀行	0	0	0
2349	銀行ＡＴＭ	1170	岩手銀行	0	0	0
2349	銀行ＡＴＭ	1171	東北銀行	0	0	0
2349	銀行ＡＴＭ	1172	七十七銀行	0	0	0
2349	銀行ＡＴＭ	1173	東邦銀行	0	0	0
2349	銀行ＡＴＭ	1174	群馬銀行	0	0	0
2349	銀行ＡＴＭ	1175	足利銀行	0	0	0
2349	銀行ＡＴＭ	1176	常陽銀行	0	0	0
2349	銀行ＡＴＭ	1177	武蔵野銀行	0	0	0
2349	銀行ＡＴＭ	1178	千葉銀行	0	0	0
2349	銀行ＡＴＭ	1179	千葉興業銀行	0	0	0
2349	銀行ＡＴＭ	1180	東京都民銀行	0	0	0
2349	銀行ＡＴＭ	1181	横浜銀行	0	0	0
2349	銀行ＡＴＭ	1182	第四銀行	0	0	0
2349	銀行ＡＴＭ	1183	北越銀行	0	0	0
2349	銀行ＡＴＭ	1184	山梨中央銀行	0	0	0
2349	銀行ＡＴＭ	1185	八十二銀行	0	0	0
2349	銀行ＡＴＭ	1186	北陸銀行	0	0	0
2349	銀行ＡＴＭ	1187	富山銀行	0	0	0
2349	銀行ＡＴＭ	1188	北國銀行	0	0	0
2349	銀行ＡＴＭ	1189	福井銀行	0	0	0
2349	銀行ＡＴＭ	1190	静岡銀行	0	0	0
2349	銀行ＡＴＭ	1191	スルガ銀行	0	0	0
2349	銀行ＡＴＭ	1192	清水銀行	0	0	0
2349	銀行ＡＴＭ	1193	大垣共立銀行	0	0	0
2349	銀行ＡＴＭ	1194	十六銀行	0	0	0
2349	銀行ＡＴＭ	1195	三重銀行	0	0	0
2349	銀行ＡＴＭ	1196	百五銀行	0	0	0
2349	銀行ＡＴＭ	1197	滋賀銀行	0	0	0
2349	銀行ＡＴＭ	1198	京都銀行	0	0	0
2349	銀行ＡＴＭ	1201	南都銀行	0	0	0
2349	銀行ＡＴＭ	1202	紀陽銀行	0	0	0
2349	銀行ＡＴＭ	1203	但馬銀行	0	0	0
2349	銀行ＡＴＭ	1204	鳥取銀行	0	0	0
2349	銀行ＡＴＭ	1205	山陰合同銀行	0	0	0
2349	銀行ＡＴＭ	1206	中国銀行	0	0	0
2349	銀行ＡＴＭ	1207	広島銀行	0	0	0
2349	銀行ＡＴＭ	1208	山口銀行	0	0	0
2349	銀行ＡＴＭ	1209	阿波銀行	0	0	0
2349	銀行ＡＴＭ	1210	百十四銀行	0	0	0
2349	銀行ＡＴＭ	1211	伊予銀行	0	0	0
2349	銀行ＡＴＭ	1212	四国銀行	0	0	0
2349	銀行ＡＴＭ	1213	福岡銀行	0	0	0
2349	銀行ＡＴＭ	1214	筑邦銀行	0	0	0
2349	銀行ＡＴＭ	1215	佐賀銀行	0	0	0
2349	銀行ＡＴＭ	1216	十八銀行	0	0	0
2349	銀行ＡＴＭ	1217	親和銀行	0	0	0
2349	銀行ＡＴＭ	1218	肥後銀行	0	0	0
2349	銀行ＡＴＭ	1219	大分銀行	0	0	0
2349	銀行ＡＴＭ	1220	宮崎銀行	0	0	0
2349	銀行ＡＴＭ	1221	鹿児島銀行	0	0	0
2349	銀行ＡＴＭ	1222	琉球銀行	0	0	0
2349	銀行ＡＴＭ	1223	沖縄銀行	0	0	0
2349	銀行ＡＴＭ	1224	近畿大阪銀行	0	0	0
2349	銀行ＡＴＭ	1226	西日本シティ銀行	0	0	0
2349	銀行ＡＴＭ	1228	北洋銀行	0	0	0
2349	銀行ＡＴＭ	1229	第三銀行	0	0	0
2349	銀行ＡＴＭ	1234	北日本銀行	0	0	0
2349	銀行ＡＴＭ	1235	仙台銀行	0	0	0
2349	銀行ＡＴＭ	1236	福島銀行	0	0	0
2349	銀行ＡＴＭ	1237	大東銀行	0	0	0
2349	銀行ＡＴＭ	1238	大正銀行	0	0	0
2349	銀行ＡＴＭ	1239	東和銀行	0	0	0
2349	銀行ＡＴＭ	1241	栃木銀行	0	0	0
2349	銀行ＡＴＭ	1244	京葉銀行	0	0	0
2349	銀行ＡＴＭ	1245	島根銀行	0	0	0
2349	銀行ＡＴＭ	1246	東日本銀行	0	0	0
2349	銀行ＡＴＭ	1247	トマト銀行	0	0	0
2349	銀行ＡＴＭ	1248	神奈川銀行	0	0	0
2349	銀行ＡＴＭ	1249	西京銀行	0	0	0
2349	銀行ＡＴＭ	1250	徳島銀行	0	0	0
2349	銀行ＡＴＭ	1251	大光銀行	0	0	0
2349	銀行ＡＴＭ	1252	香川銀行	0	0	0
2349	銀行ＡＴＭ	1253	長野銀行	0	0	0
2349	銀行ＡＴＭ	1254	愛媛銀行	0	0	0
2349	銀行ＡＴＭ	1255	富山第一銀行	0	0	0
2349	銀行ＡＴＭ	1256	高知銀行	0	0	0
2349	銀行ＡＴＭ	1257	福邦銀行	0	0	0
2349	銀行ＡＴＭ	1258	福岡中央銀行	0	0	0
2349	銀行ＡＴＭ	1259	静岡中央銀行	0	0	0
2349	銀行ＡＴＭ	1260	佐賀共栄銀行	0	0	0
2349	銀行ＡＴＭ	1261	長崎銀行	0	0	0
2349	銀行ＡＴＭ	1263	愛知銀行	0	0	0
2349	銀行ＡＴＭ	1264	熊本銀行	0	0	0
2349	銀行ＡＴＭ	1265	名古屋銀行	0	0	0
2349	銀行ＡＴＭ	1266	豊和銀行	0	0	0
2349	銀行ＡＴＭ	1267	中京銀行	0	0	0
2349	銀行ＡＴＭ	1268	宮崎太陽銀行	0	0	0
2349	銀行ＡＴＭ	1269	南日本銀行	0	0	0
2349	銀行ＡＴＭ	1270	沖縄海邦銀行	0	0	0
2349	銀行ＡＴＭ	1271	八千代銀行	0	0	0
2349	銀行ＡＴＭ	1272	みなと銀行	0	0	0
2349	銀行ＡＴＭ	1273	東京スター銀行	0	0	0
2349	銀行ＡＴＭ	1274	関西アーバン銀行	0	0	0
2349	銀行ＡＴＭ	1275	もみじ銀行	0	0	0
2349	銀行ＡＴＭ	1288	三菱ＵＦＪ信託銀行	0	0	0
2349	銀行ＡＴＭ	1290	シティバンク	0	0	0
2349	銀行ＡＴＭ	2088	きらやか銀行	0	0	0
2349	銀行ＡＴＭ	2291	筑波銀行	0	0	0
2349	銀行ＡＴＭ	2308	池田泉州銀行	0	0	0
2349	銀行ＡＴＭ	2324	ゆうちょ銀行	0	0	0
2349	銀行ＡＴＭ	2353	北九州銀行	0	0	0
2349	銀行ＡＴＭ	2356	三井住友信託銀行	0	0	0
2350	信用金庫	1295	旭川信用金庫	0	1	0
2350	信用金庫	1296	網走信用金庫	0	1	0
2350	信用金庫	1297	江差信用金庫	0	1	0
2350	信用金庫	1298	遠軽信用金庫	0	1	0
2350	信用金庫	1299	渡島信用金庫	0	1	0
2350	信用金庫	1300	小樽信用金庫	0	1	0
2350	信用金庫	1301	帯広信用金庫	0	1	0
2350	信用金庫	1302	北空知信用金庫	0	1	0
2350	信用金庫	1303	北見信用金庫	0	1	0
2350	信用金庫	1304	釧路信用金庫	0	1	0
2350	信用金庫	1305	札幌信用金庫	0	1	0
2350	信用金庫	1307	空知信用金庫	0	1	0
2350	信用金庫	1308	大地みらい信用金庫	0	1	0
2350	信用金庫	1309	伊達信用金庫	0	1	0
2350	信用金庫	1310	苫小牧信用金庫	0	1	0
2350	信用金庫	1312	函館信用金庫	0	1	0
2350	信用金庫	1313	日高信用金庫	0	1	0
2350	信用金庫	1314	北門信用金庫	0	1	0
2350	信用金庫	1315	北海信用金庫	0	1	0
2350	信用金庫	1316	室蘭信用金庫	0	1	0
2350	信用金庫	1318	留萌信用金庫	0	1	0
2350	信用金庫	1319	稚内信用金庫	0	1	0
2350	信用金庫	1322	東奥信用金庫	0	1	0
2350	信用金庫	1325	一関信用金庫	0	1	0
2350	信用金庫	1326	北上信用金庫	0	1	0
2350	信用金庫	1328	花巻信用金庫	0	1	0
2350	信用金庫	1329	水沢信用金庫	0	1	0
2350	信用金庫	1330	宮古信用金庫	0	1	0
2350	信用金庫	1331	盛岡信用金庫	0	1	0
2350	信用金庫	1332	石巻信用金庫	0	1	0
2350	信用金庫	1333	気仙沼信用金庫	0	1	0
2350	信用金庫	1334	仙南信用金庫	0	1	0
2350	信用金庫	1335	宮城第一信用金庫	0	1	0
2350	信用金庫	1336	秋田信用金庫	0	1	0
2350	信用金庫	1337	羽後信用金庫	0	1	0
2350	信用金庫	1340	新庄信用金庫	0	1	0
2350	信用金庫	1341	鶴岡信用金庫	0	1	0
2350	信用金庫	1342	山形信用金庫	0	1	0
2350	信用金庫	1343	米沢信用金庫	0	1	0
2350	信用金庫	1344	会津信用金庫	0	1	0
2350	信用金庫	1345	あぶくま信用金庫	0	1	0
2350	信用金庫	1346	郡山信用金庫	0	1	0
2350	信用金庫	1347	白河信用金庫	0	1	0
2350	信用金庫	1348	須賀川信用金庫	0	1	0
2350	信用金庫	1349	二本松信用金庫	0	1	0
2350	信用金庫	1350	ひまわり信用金庫	0	1	0
2350	信用金庫	1351	福島信用金庫	0	1	0
2350	信用金庫	1352	水戸信用金庫	0	1	0
2350	信用金庫	1353	結城信用金庫	0	1	0
2350	信用金庫	1354	大田原信用金庫	0	1	0
2350	信用金庫	1355	鹿沼相互信用金庫	0	1	0
2350	信用金庫	1356	烏山信用金庫	0	1	0
2350	信用金庫	1357	佐野信用金庫	0	1	0
2350	信用金庫	1358	栃木信用金庫	0	1	0
2350	信用金庫	1359	アイオー信用金庫	0	1	0
2350	信用金庫	1361	北群馬信用金庫	0	1	0
2350	信用金庫	1362	桐生信用金庫	0	1	0
2350	信用金庫	1364	高崎信用金庫	0	1	0
2350	信用金庫	1365	館林信用金庫	0	1	0
2350	信用金庫	1367	利根郡信用金庫	0	1	0
2350	信用金庫	1368	青木信用金庫	0	1	0
2350	信用金庫	1369	川口信用金庫	0	1	0
2350	信用金庫	1370	埼玉縣信用金庫	0	1	0
2350	信用金庫	1371	飯能信用金庫	0	1	0
2350	信用金庫	1372	佐原信用金庫	0	1	0
2350	信用金庫	1373	館山信用金庫	0	1	0
2350	信用金庫	1374	千葉信用金庫	0	1	0
2350	信用金庫	1375	銚子信用金庫	0	1	0
2350	信用金庫	1376	東京ベイ信用金庫	0	1	0
2350	信用金庫	1377	朝日信用金庫	0	1	0
2350	信用金庫	1378	足立成和信用金庫	0	1	0
2350	信用金庫	1379	青梅信用金庫	0	1	0
2350	信用金庫	1380	亀有信用金庫	0	1	0
2350	信用金庫	1381	興産信用金庫	0	1	0
2350	信用金庫	1382	小松川信用金庫	0	1	0
2350	信用金庫	1383	西京信用金庫	0	1	0
2350	信用金庫	1384	さわやか信用金庫	0	1	0
2350	信用金庫	1385	芝信用金庫	0	1	0
2350	信用金庫	1386	城南信用金庫	0	1	0
2350	信用金庫	1387	昭和信用金庫	0	1	0
2350	信用金庫	1388	巣鴨信用金庫	0	1	0
2350	信用金庫	1389	西武信用金庫	0	1	0
2350	信用金庫	1390	世田谷信用金庫	0	1	0
2350	信用金庫	1391	瀧野川信用金庫	0	1	0
2350	信用金庫	1392	東栄信用金庫	0	1	0
2350	信用金庫	1393	東京信用金庫	0	1	0
2350	信用金庫	1394	東京三協信用金庫	0	1	0
2350	信用金庫	1395	東京シティ信用金庫	0	1	0
2350	信用金庫	1396	東京東信用金庫	0	1	0
2350	信用金庫	1397	目黒信用金庫	0	1	0
2350	信用金庫	1398	川崎信用金庫	0	1	0
2350	信用金庫	1399	さがみ信用金庫	0	1	0
2350	信用金庫	1400	湘南信用金庫	0	1	0
2350	信用金庫	1401	中栄信用金庫	0	1	0
2350	信用金庫	1402	中南信用金庫	0	1	0
2350	信用金庫	1403	平塚信用金庫	0	1	0
2350	信用金庫	1404	三浦藤沢信用金庫	0	1	0
2350	信用金庫	1405	横浜信用金庫	0	1	0
2350	信用金庫	1406	新井信用金庫	0	1	0
2350	信用金庫	1407	柏崎信用金庫	0	1	0
2350	信用金庫	1408	加茂信用金庫	0	1	0
2350	信用金庫	1409	三条信用金庫	0	1	0
2350	信用金庫	1410	新発田信用金庫	0	1	0
2350	信用金庫	1411	長岡信用金庫	0	1	0
2350	信用金庫	1412	新潟信用金庫	0	1	0
2350	信用金庫	1413	村上信用金庫	0	1	0
2350	信用金庫	1414	石動信用金庫	0	1	0
2350	信用金庫	1416	新湊信用金庫	0	1	0
2350	信用金庫	1417	高岡信用金庫	0	1	0
2350	信用金庫	1418	砺波信用金庫	0	1	0
2350	信用金庫	1419	富山信用金庫	0	1	0
2350	信用金庫	1420	氷見伏木信用金庫	0	1	0
2350	信用金庫	1421	金沢信用金庫	0	1	0
2350	信用金庫	1422	興能信用金庫	0	1	0
2350	信用金庫	1423	鶴来信用金庫	0	1	0
2350	信用金庫	1424	のと共栄信用金庫	0	1	0
2350	信用金庫	1425	北陸信用金庫	0	1	0
2350	信用金庫	1426	越前信用金庫	0	1	0
2350	信用金庫	1427	小浜信用金庫	0	1	0
2350	信用金庫	1428	武生信用金庫	0	1	0
2350	信用金庫	1429	敦賀信用金庫	0	1	0
2350	信用金庫	1430	福井信用金庫	0	1	0
2350	信用金庫	1431	甲府信用金庫	0	1	0
2350	信用金庫	1432	山梨信用金庫	0	1	0
2350	信用金庫	1433	飯田信用金庫	0	1	0
2350	信用金庫	1434	アルプス中央信用金庫	0	1	0
2350	信用金庫	1435	上田信用金庫	0	1	0
2350	信用金庫	1436	諏訪信用金庫	0	1	0
2350	信用金庫	1437	長野信用金庫	0	1	0
2350	信用金庫	1438	松本信用金庫	0	1	0
2350	信用金庫	1439	大垣信用金庫	0	1	0
2350	信用金庫	1440	岐阜信用金庫	0	1	0
2350	信用金庫	1441	西濃信用金庫	0	1	0
2350	信用金庫	1442	関信用金庫	0	1	0
2350	信用金庫	1443	高山信用金庫	0	1	0
2350	信用金庫	1444	東濃信用金庫	0	1	0
2350	信用金庫	1445	八幡信用金庫	0	1	0
2350	信用金庫	1447	磐田信用金庫	0	1	0
2350	信用金庫	1448	遠州信用金庫	0	1	0
2350	信用金庫	1449	掛川信用金庫	0	1	0
2350	信用金庫	1450	しずおか信用金庫	0	1	0
2350	信用金庫	1451	島田信用金庫	0	1	0
2350	信用金庫	1453	静清信用金庫	0	1	0
2350	信用金庫	1454	沼津信用金庫	0	1	0
2350	信用金庫	1455	浜松信用金庫	0	1	0
2350	信用金庫	1456	富士信用金庫	0	1	0
2350	信用金庫	1457	富士宮信用金庫	0	1	0
2350	信用金庫	1458	三島信用金庫	0	1	0
2350	信用金庫	1459	焼津信用金庫	0	1	0
2350	信用金庫	1460	愛知信用金庫	0	1	0
2350	信用金庫	1461	いちい信用金庫	0	1	0
2350	信用金庫	1462	岡崎信用金庫	0	1	0
2350	信用金庫	1463	蒲郡信用金庫	0	1	0
2350	信用金庫	1464	瀬戸信用金庫	0	1	0
2350	信用金庫	1465	知多信用金庫	0	1	0
2350	信用金庫	1466	中日信用金庫	0	1	0
2350	信用金庫	1467	東春信用金庫	0	1	0
2350	信用金庫	1468	豊川信用金庫	0	1	0
2350	信用金庫	1469	豊田信用金庫	0	1	0
2350	信用金庫	1470	豊橋信用金庫	0	1	0
2350	信用金庫	1471	西尾信用金庫	0	1	0
2350	信用金庫	1472	半田信用金庫	0	1	0
2350	信用金庫	1473	尾西信用金庫	0	1	0
2350	信用金庫	1474	碧海信用金庫	0	1	0
2350	信用金庫	1475	紀北信用金庫	0	1	0
2350	信用金庫	1476	桑名信用金庫	0	1	0
2350	信用金庫	1477	津信用金庫	0	1	0
2350	信用金庫	1478	三重信用金庫	0	1	0
2350	信用金庫	1479	湖東信用金庫	0	1	0
2350	信用金庫	1480	長浜信用金庫	0	1	0
2350	信用金庫	1481	京都信用金庫	0	1	0
2350	信用金庫	1482	京都中央信用金庫	0	1	0
2350	信用金庫	1483	京都北都信用金庫	0	1	0
2350	信用金庫	1484	永和信用金庫	0	1	0
2350	信用金庫	1485	大阪信用金庫	0	1	0
2350	信用金庫	1486	大阪厚生信用金庫	0	1	0
2350	信用金庫	1488	大阪商工信用金庫	0	1	0
2350	信用金庫	1489	十三信用金庫	0	1	0
2350	信用金庫	1490	摂津水都信用金庫	0	1	0
2350	信用金庫	1492	枚方信用金庫	0	1	0
2350	信用金庫	1493	尼崎信用金庫	0	1	0
2350	信用金庫	1494	淡路信用金庫	0	1	0
2350	信用金庫	1495	神戸信用金庫	0	1	0
2350	信用金庫	1496	但馬信用金庫	0	1	0
2350	信用金庫	1497	但陽信用金庫	0	1	0
2350	信用金庫	1498	中兵庫信用金庫	0	1	0
2350	信用金庫	1499	西兵庫信用金庫	0	1	0
2350	信用金庫	1500	日新信用金庫	0	1	0
2350	信用金庫	1501	播州信用金庫	0	1	0
2350	信用金庫	1502	姫路信用金庫	0	1	0
2350	信用金庫	1503	兵庫信用金庫	0	1	0
2350	信用金庫	1504	大和信用金庫	0	1	0
2350	信用金庫	1505	奈良信用金庫	0	1	0
2350	信用金庫	1506	奈良中央信用金庫	0	1	0
2350	信用金庫	1507	きのくに信用金庫	0	1	0
2350	信用金庫	1508	新宮信用金庫	0	1	0
2350	信用金庫	1510	倉吉信用金庫	0	1	0
2350	信用金庫	1511	鳥取信用金庫	0	1	0
2350	信用金庫	1512	米子信用金庫	0	1	0
2350	信用金庫	1513	しまね信用金庫	0	1	0
2350	信用金庫	1514	島根中央信用金庫	0	1	0
2350	信用金庫	1516	日本海信用金庫	0	1	0
2350	信用金庫	1517	おかやま信用金庫	0	1	0
2350	信用金庫	1518	吉備信用金庫	0	1	0
2350	信用金庫	1519	玉島信用金庫	0	1	0
2350	信用金庫	1520	津山信用金庫	0	1	0
2350	信用金庫	1521	備前信用金庫	0	1	0
2350	信用金庫	1522	日生信用金庫	0	1	0
2350	信用金庫	1523	備北信用金庫	0	1	0
2350	信用金庫	1524	水島信用金庫	0	1	0
2350	信用金庫	1526	呉信用金庫	0	1	0
2350	信用金庫	1527	しまなみ信用金庫	0	1	0
2350	信用金庫	1528	広島信用金庫	0	1	0
2350	信用金庫	1529	広島みどり信用金庫	0	1	0
2350	信用金庫	1535	東山口信用金庫	0	1	0
2350	信用金庫	1538	阿南信用金庫	0	1	0
2350	信用金庫	1539	徳島信用金庫	0	1	0
2350	信用金庫	1540	観音寺信用金庫	0	1	0
2350	信用金庫	1541	高松信用金庫	0	1	0
2350	信用金庫	1542	宇和島信用金庫	0	1	0
2350	信用金庫	1543	愛媛信用金庫	0	1	0
2350	信用金庫	1544	川之江信用金庫	0	1	0
2350	信用金庫	1545	東予信用金庫	0	1	0
2350	信用金庫	1547	高知信用金庫	0	1	0
2350	信用金庫	1548	幡多信用金庫	0	1	0
2350	信用金庫	1549	飯塚信用金庫	0	1	0
2350	信用金庫	1550	大川信用金庫	0	1	0
2350	信用金庫	1551	遠賀信用金庫	0	1	0
2350	信用金庫	1552	福岡ひびき信用金庫	0	1	0
2350	信用金庫	1553	田川信用金庫	0	1	0
2350	信用金庫	1554	筑後信用金庫	0	1	0
2350	信用金庫	1555	福岡信用金庫	0	1	0
2350	信用金庫	1556	伊万里信用金庫	0	1	0
2350	信用金庫	1557	唐津信用金庫	0	1	0
2350	信用金庫	1559	佐賀信用金庫	0	1	0
2350	信用金庫	1560	たちばな信用金庫	0	1	0
2350	信用金庫	1562	天草信用金庫	0	1	0
2350	信用金庫	1563	熊本信用金庫	0	1	0
2350	信用金庫	1564	熊本第一信用金庫	0	1	0
2350	信用金庫	1565	熊本中央信用金庫	0	1	0
2350	信用金庫	1566	大分信用金庫	0	1	0
2350	信用金庫	1567	大分みらい信用金庫	0	1	0
2350	信用金庫	1568	日田信用金庫	0	1	0
2350	信用金庫	1569	高鍋信用金庫	0	1	0
2350	信用金庫	1570	南郷信用金庫	0	1	0
2350	信用金庫	1571	延岡信用金庫	0	1	0
2350	信用金庫	1572	都城信用金庫	0	1	0
2350	信用金庫	1573	宮崎信用金庫	0	1	0
2350	信用金庫	1574	奄美大島信用金庫	0	1	0
2350	信用金庫	1575	鹿児島信用金庫	0	1	0
2350	信用金庫	1576	鹿児島相互信用金庫	0	1	0
2350	信用金庫	1577	コザ信用金庫	0	1	0
2350	信用金庫	1578	城北信用金庫	0	1	0
2350	信用金庫	1579	上越信用金庫	0	1	0
2350	信用金庫	1580	北伊勢上野信用金庫	0	1	0
2350	信用金庫	1581	滋賀中央信用金庫	0	1	0
2350	信用金庫	1582	大牟田柳川信用金庫	0	1	0
2350	信用金庫	1583	足利小山信用金庫	0	1	0
2350	信用金庫	1585	杜の都信用金庫	0	1	0
2350	信用金庫	1586	にいかわ信用金庫	0	1	0
2350	信用金庫	1587	多摩信用金庫	0	1	0
2350	信用金庫	2089	西中国信用金庫	0	1	0
2350	信用金庫	2198	しののめ信用金庫	0	1	0
2350	信用金庫	2199	北星信用金庫	0	1	0
2350	信用金庫	2288	青い森信用金庫	0	1	0
2350	信用金庫	2289	萩山口信用金庫	0	1	0
2350	信用金庫	2309	九州ひぜん信用金庫	0	1	0
2350	信用金庫	2378	大阪シティ信用金庫	0	1	0
2350	信用金庫	2387	北おおさか信用金庫	0	1	0
2351	信用組合	1589	北央信用組合	0	1	0
2351	信用組合	1590	札幌中央信用組合	0	1	0
2351	信用組合	1591	ウリ信用組合	0	1	0
2351	信用組合	1592	函館商工信用組合	0	1	0
2351	信用組合	1593	空知商工信用組合	0	1	0
2351	信用組合	1595	十勝信用組合	0	1	0
2351	信用組合	1596	釧路信用組合	0	1	0
2351	信用組合	1597	青森県信用組合	0	1	0
2351	信用組合	1598	杜陵信用組合	0	1	0
2351	信用組合	1599	岩手県医師信用組合	0	1	0
2351	信用組合	1600	あすか信用組合	0	1	0
2351	信用組合	1601	石巻商工信用組合	0	1	0
2351	信用組合	1602	古川信用組合	0	1	0
2351	信用組合	1603	仙北信用組合	0	1	0
2351	信用組合	1605	秋田県信用組合	0	1	0
2351	信用組合	1608	北郡信用組合	0	1	0
2351	信用組合	1609	山形中央信用組合	0	1	0
2351	信用組合	1610	山形第一信用組合	0	1	0
2351	信用組合	1611	山形県医師信用組合	0	1	0
2351	信用組合	1612	福島県商工信用組合	0	1	0
2351	信用組合	1613	いわき信用組合	0	1	0
2351	信用組合	1615	会津商工信用組合	0	1	0
2351	信用組合	1617	茨城県信用組合	0	1	0
2351	信用組合	1618	真岡信用組合	0	1	0
2351	信用組合	1619	那須信用組合	0	1	0
2351	信用組合	1620	あかぎ信用組合	0	1	0
2351	信用組合	1622	群馬県信用組合	0	1	0
2351	信用組合	1624	群馬県医師信用組合	0	1	0
2351	信用組合	1625	埼玉県医師信用組合	0	1	0
2351	信用組合	1626	熊谷商工信用組合	0	1	0
2351	信用組合	1627	埼玉信用組合	0	1	0
2351	信用組合	1628	房総信用組合	0	1	0
2351	信用組合	1629	銚子商工信用組合	0	1	0
2351	信用組合	1630	君津信用組合	0	1	0
2351	信用組合	1631	全東栄信用組合	0	1	0
2351	信用組合	1632	東浴信用組合	0	1	0
2351	信用組合	1633	文化産業信用組合	0	1	0
2351	信用組合	1634	東京証券信用組合	0	1	0
2351	信用組合	1636	東京厚生信用組合	0	1	0
2351	信用組合	1637	東信用組合	0	1	0
2351	信用組合	1639	江東信用組合	0	1	0
2351	信用組合	1640	青和信用組合	0	1	0
2351	信用組合	1641	中ノ郷信用組合	0	1	0
2351	信用組合	1642	共立信用組合	0	1	0
2351	信用組合	1643	七島信用組合	0	1	0
2351	信用組合	1644	大東京信用組合	0	1	0
2351	信用組合	1645	第一勧業信用組合	0	1	0
2351	信用組合	1647	北部信用組合	0	1	0
2351	信用組合	1649	甲子信用組合	0	1	0
2351	信用組合	1650	東京消防信用組合	0	1	0
2351	信用組合	1651	東京都職員信用組合	0	1	0
2351	信用組合	1652	ハナ信用組合	0	1	0
2351	信用組合	1653	神奈川県医師信用組合	0	1	0
2351	信用組合	1654	神奈川県歯科医師信用組合	0	1	0
2351	信用組合	1656	信用組合横浜華銀	0	1	0
2351	信用組合	1657	小田原第一信用組合	0	1	0
2351	信用組合	1658	相愛信用組合	0	1	0
2351	信用組合	1659	新潟縣信用組合	0	1	0
2351	信用組合	1660	新潟鉄道信用組合	0	1	0
2351	信用組合	1661	興栄信用組合	0	1	0
2351	信用組合	1662	新栄信用組合	0	1	0
2351	信用組合	1663	太陽信用組合	0	1	0
2351	信用組合	1664	五泉信用組合	0	1	0
2351	信用組合	1665	協栄信用組合	0	1	0
2351	信用組合	1666	三條信用組合	0	1	0
2351	信用組合	1667	巻信用組合	0	1	0
2351	信用組合	1668	新潟大栄信用組合	0	1	0
2351	信用組合	1669	塩沢信用組合	0	1	0
2351	信用組合	1670	糸魚川信用組合	0	1	0
2351	信用組合	1672	富山県医師信用組合	0	1	0
2351	信用組合	1673	富山県信用組合	0	1	0
2351	信用組合	1674	金沢中央信用組合	0	1	0
2351	信用組合	1675	石川県医師信用組合	0	1	0
2351	信用組合	1676	福泉信用組合	0	1	0
2351	信用組合	1678	福井県医師信用組合	0	1	0
2351	信用組合	1679	都留信用組合	0	1	0
2351	信用組合	1680	長野県信用組合	0	1	0
2351	信用組合	1681	あすなろ信用組合	0	1	0
2351	信用組合	1682	岐阜商工信用組合	0	1	0
2351	信用組合	1683	岐阜県医師信用組合	0	1	0
2351	信用組合	1684	飛騨信用組合	0	1	0
2351	信用組合	1685	益田信用組合	0	1	0
2351	信用組合	1686	静岡県医師信用組合	0	1	0
2351	信用組合	1687	丸八信用組合	0	1	0
2351	信用組合	1688	信用組合愛知商銀	0	1	0
2351	信用組合	1689	愛知県警察信用組合	0	1	0
2351	信用組合	1690	名古屋青果物信用組合	0	1	0
2351	信用組合	1691	愛知県医療信用組合	0	1	0
2351	信用組合	1692	愛知県医師信用組合	0	1	0
2351	信用組合	1693	豊橋商工信用組合	0	1	0
2351	信用組合	1694	愛知県中央信用組合	0	1	0
2351	信用組合	1695	三河信用組合	0	1	0
2351	信用組合	1696	イオ信用組合	0	1	0
2351	信用組合	1697	三重県職員信用組合	0	1	0
2351	信用組合	1698	滋賀県民信用組合	0	1	0
2351	信用組合	1699	滋賀県信用組合	0	1	0
2351	信用組合	1700	京滋信用組合	0	1	0
2351	信用組合	1701	大同信用組合	0	1	0
2351	信用組合	1702	成協信用組合	0	1	0
2351	信用組合	1703	大阪協栄信用組合	0	1	0
2351	信用組合	1704	大阪貯蓄信用組合	0	1	0
2351	信用組合	1705	中央信用組合	0	1	0
2351	信用組合	1706	大阪府医師信用組合	0	1	0
2351	信用組合	1707	大阪府警察信用組合	0	1	0
2351	信用組合	1708	近畿産業信用組合	0	1	0
2351	信用組合	1709	朝日新聞信用組合	0	1	0
2351	信用組合	1710	毎日信用組合	0	1	0
2351	信用組合	1711	ミレ信用組合	0	1	0
2351	信用組合	1712	兵庫県警察信用組合	0	1	0
2351	信用組合	1714	兵庫県医療信用組合	0	1	0
2351	信用組合	1715	兵庫県信用組合	0	1	0
2351	信用組合	1716	神戸市職員信用組合	0	1	0
2351	信用組合	1717	淡陽信用組合	0	1	0
2351	信用組合	1718	兵庫ひまわり信用組合	0	1	0
2351	信用組合	1719	和歌山県医師信用組合	0	1	0
2351	信用組合	1721	島根益田信用組合	0	1	0
2351	信用組合	1722	朝銀西信用組合	0	1	0
2351	信用組合	1723	信用組合岡山商銀	0	1	0
2351	信用組合	1724	笠岡信用組合	0	1	0
2351	信用組合	1725	広島市信用組合	0	1	0
2351	信用組合	1726	広島県信用組合	0	1	0
2351	信用組合	1727	信用組合広島商銀	0	1	0
2351	信用組合	1728	呉市職員信用組合	0	1	0
2351	信用組合	1729	両備信用組合	0	1	0
2351	信用組合	1730	備後信用組合	0	1	0
2351	信用組合	1731	山口県信用組合	0	1	0
2351	信用組合	1733	香川県信用組合	0	1	0
2351	信用組合	1734	土佐信用組合	0	1	0
2351	信用組合	1735	宿毛商銀信用組合	0	1	0
2351	信用組合	1736	福岡県庁信用組合	0	1	0
2351	信用組合	1737	福岡県医師信用組合	0	1	0
2351	信用組合	1738	福岡県南部信用組合	0	1	0
2351	信用組合	1739	福岡県中央信用組合	0	1	0
2351	信用組合	1740	佐賀県医師信用組合	0	1	0
2351	信用組合	1741	佐賀東信用組合	0	1	0
2351	信用組合	1742	佐賀西信用組合	0	1	0
2351	信用組合	1743	長崎三菱信用組合	0	1	0
2351	信用組合	1744	長崎県医師信用組合	0	1	0
2351	信用組合	1746	長崎県民信用組合	0	1	0
2351	信用組合	1747	佐世保中央信用組合	0	1	0
2351	信用組合	1748	福江信用組合	0	1	0
2351	信用組合	1749	九州幸銀信用組合	0	1	0
2351	信用組合	1750	熊本県医師信用組合	0	1	0
2351	信用組合	1751	熊本県信用組合	0	1	0
2351	信用組合	1752	大分県信用組合	0	1	0
2351	信用組合	1755	宮崎県南部信用組合	0	1	0
2351	信用組合	1756	鹿児島興業信用組合	0	1	0
2351	信用組合	1757	鹿児島県医師信用組合	0	1	0
2351	信用組合	1759	奄美信用組合	0	1	0
2351	信用組合	1760	のぞみ信用組合	0	1	0
2351	信用組合	1761	山梨県民信用組合	0	1	0
2351	信用組合	1762	とびうめ信用組合	0	1	0
2351	信用組合	2238	中央商銀信用組合	0	1	0
2351	信用組合	2357	ぐんまみらい信用組合	0	1	0
2351	信用組合	2377	相双五城信用組合	0	1	0
2351	信用組合	2395	横浜中央信用組合	0	1	0
2352	労働金庫	1764	北海道労働金庫	0	1	0
2352	労働金庫	1765	東北労働金庫	0	1	0
2352	労働金庫	1766	中央労働金庫	0	1	0
2352	労働金庫	1767	新潟県労働金庫	0	1	0
2352	労働金庫	1768	北陸労働金庫	0	1	0
2352	労働金庫	1769	長野県労働金庫	0	1	0
2352	労働金庫	1770	静岡県労働金庫	0	1	0
2352	労働金庫	1771	東海労働金庫	0	1	0
2352	労働金庫	1772	近畿労働金庫	0	1	0
2352	労働金庫	1773	中国労働金庫	0	1	0
2352	労働金庫	1774	四国労働金庫	0	1	0
2352	労働金庫	1775	九州労働金庫	0	1	0
2352	労働金庫	1776	沖縄県労働金庫	0	1	0
2353	ＪＡバンク	1293	ＪＡバンク	1	1	0
2354	コンビニエンスストア	652	セブンイレブン	0	1	0
2354	コンビニエンスストア	653	ローソン	0	1	0
2354	コンビニエンスストア	654	ファミリーマート	0	1	0
2354	コンビニエンスストア	655	サンクス	0	1	0
2354	コンビニエンスストア	656	サークルＫ	0	1	0
2354	コンビニエンスストア	657	ミニストップ	0	1	0
2354	コンビニエンスストア	658	デイリーヤマザキ	0	1	0
2354	コンビニエンスストア	660	スパー	0	1	0
2354	コンビニエンスストア	662	スリーエフ	0	1	0
2354	コンビニエンスストア	665	セイコーマート	0	1	0
2354	コンビニエンスストア	666	セーブオン	0	1	0
2354	コンビニエンスストア	668	ココストア	0	1	0
2354	コンビニエンスストア	669	ポプラ	0	1	0
2354	コンビニエンスストア	670	コミュニティ・ストア	0	1	0
2354	コンビニエンスストア	695	エブリワン	0	1	0
2354	コンビニエンスストア	1994	ヤマザキＹショップ	0	1	0
2354	コンビニエンスストア	1996	ファミマ！！	0	1	0
2354	コンビニエンスストア	1997	ミニピアゴ	0	1	0
2354	コンビニエンスストア	1998	ローソンストア１００	0	1	0
2354	コンビニエンスストア	2352	ＹＳＰＳ	0	1	0
2356	飲食チェーン店	4	ガスト	0	1	0
2356	飲食チェーン店	5	デニーズ	0	1	0
2356	飲食チェーン店	7	藍屋	0	1	0
2356	飲食チェーン店	8	夢庵	0	1	0
2356	飲食チェーン店	9	ロイヤルホスト	0	1	0
2356	飲食チェーン店	10	リンガーハット	0	1	0
2356	飲食チェーン店	11	レッドロブスター	0	1	0
2356	飲食チェーン店	12	ジョナサン	0	1	0
2356	飲食チェーン店	14	びっくりドンキー	0	1	0
2356	飲食チェーン店	15	さと	0	1	0
2356	飲食チェーン店	16	バーミヤン	0	1	0
2356	飲食チェーン店	17	ＣＡＳＡ	0	1	0
2356	飲食チェーン店	18	ＣＯＣＯ’Ｓ	0	1	0
2356	飲食チェーン店	20	フラカッソ	0	1	0
2356	飲食チェーン店	21	ジョイフル	0	1	0
2356	飲食チェーン店	22	とんでん	0	1	0
2356	飲食チェーン店	23	サイゼリヤ	0	1	0
2356	飲食チェーン店	24	ｓｉｚｚｌｅｒ	0	1	0
2356	飲食チェーン店	25	ジョリーパスタ	0	1	0
2356	飲食チェーン店	27	フレンドリー	0	1	0
2356	飲食チェーン店	28	ファミール	0	1	0
2356	飲食チェーン店	29	イタリアントマト	0	1	0
2356	飲食チェーン店	30	ヴィクトリアステーション	0	1	0
2356	飲食チェーン店	31	ビッグボーイ	0	1	0
2356	飲食チェーン店	32	アンナミラーズ	0	1	0
2356	飲食チェーン店	33	トマトアンドオニオン	0	1	0
2356	飲食チェーン店	35	ステーキワン	0	1	0
2356	飲食チェーン店	37	華屋与兵衛	0	1	0
2356	飲食チェーン店	38	えちぜん	0	1	0
2356	飲食チェーン店	39	グラッチェガーデンズ	0	1	0
2356	飲食チェーン店	40	馬車道	0	1	0
2356	飲食チェーン店	42	すし半	0	1	0
2356	飲食チェーン店	44	ケンタッキーフライドチキン	0	1	0
2356	飲食チェーン店	45	マクドナルド	0	1	0
2356	飲食チェーン店	46	ロッテリア	0	1	0
2356	飲食チェーン店	47	モスバーガー	0	1	0
2356	飲食チェーン店	48	ファーストキッチン	0	1	0
2356	飲食チェーン店	49	ドムドムバーガー	0	1	0
2356	飲食チェーン店	50	ミスタードーナツ	0	1	0
2356	飲食チェーン店	51	サーティワンアイスクリーム	0	1	0
2356	飲食チェーン店	54	サブウェイ	0	1	0
2356	飲食チェーン店	56	クレープハウス・ユニ	0	1	0
2356	飲食チェーン店	57	フレッシュネスバーガー	0	1	0
2356	飲食チェーン店	59	ホブソンズ	0	1	0
2356	飲食チェーン店	62	ドトールコーヒーショップ	0	1	0
2356	飲食チェーン店	63	ルノアール	0	1	0
2356	飲食チェーン店	64	ＰＲＯＮＴＯ	0	1	0
2356	飲食チェーン店	65	カフェ・ド・クリエ	0	1	0
2356	飲食チェーン店	70	珈琲館	0	1	0
2356	飲食チェーン店	71	スターバックスコーヒー	0	1	0
2356	飲食チェーン店	72	タリーズコーヒー	0	1	0
2356	飲食チェーン店	74	サンマルクカフェ	0	1	0
2356	飲食チェーン店	75	イタリアン・トマトカフェジュニア	0	1	0
2356	飲食チェーン店	77	ザめしや	0	1	0
2356	飲食チェーン店	78	さぼてん	0	1	0
2356	飲食チェーン店	81	木曽路	0	1	0
2356	飲食チェーン店	82	かに本家	0	1	0
2356	飲食チェーン店	89	とんかつ浜勝	0	1	0
2356	飲食チェーン店	90	長崎卓袱浜勝	0	1	0
2356	飲食チェーン店	91	ザめしや２４	0	1	0
2356	飲食チェーン店	92	街かど屋	0	1	0
2356	飲食チェーン店	94	不二家レストラン	0	1	0
2356	飲食チェーン店	100	神戸屋レストラン	0	1	0
2356	飲食チェーン店	101	ベーカリーレストラン・サンマルク	0	1	0
2356	飲食チェーン店	103	小吃坊	0	1	0
2356	飲食チェーン店	104	餃子の王将	0	1	0
2356	飲食チェーン店	111	ペペサーレ	0	1	0
2356	飲食チェーン店	113	カプリチョーザ	0	1	0
2356	飲食チェーン店	120	モダンパスタ	0	1	0
2356	飲食チェーン店	123	シェーキーズ	0	1	0
2356	飲食チェーン店	128	横濱家	0	1	0
2356	飲食チェーン店	130	スガキヤ	0	1	0
2356	飲食チェーン店	133	８番らーめん	0	1	0
2356	飲食チェーン店	140	ちりめん亭	0	1	0
2356	飲食チェーン店	157	山小屋	0	1	0
2356	飲食チェーン店	160	天下一品	0	1	0
2356	飲食チェーン店	169	味千拉麺	0	1	0
2356	飲食チェーン店	174	吉野家	0	1	0
2356	飲食チェーン店	175	なか卯	0	1	0
2356	飲食チェーン店	176	松屋（食堂）	0	1	0
2356	飲食チェーン店	177	てんや	0	1	0
2356	飲食チェーン店	180	すき家	0	1	0
2356	飲食チェーン店	182	カレーハウスＣｏＣｏ壱番屋	0	1	0
2356	飲食チェーン店	194	マリンポリス	0	1	0
2356	飲食チェーン店	197	海鮮三崎港	0	1	0
2356	飲食チェーン店	198	海鮮アトム	0	1	0
2356	飲食チェーン店	199	しーじゃっく	0	1	0
2356	飲食チェーン店	200	にぎりの徳兵衛	0	1	0
2356	飲食チェーン店	201	にぎり長次郎	0	1	0
2356	飲食チェーン店	203	廻転寿司アトムボーイ	0	1	0
2356	飲食チェーン店	206	はいから亭	0	1	0
2356	飲食チェーン店	208	焼肉屋さかい	0	1	0
2356	飲食チェーン店	209	すたみな太郎	0	1	0
2356	飲食チェーン店	212	安楽亭	0	1	0
2356	飲食チェーン店	213	牛角	0	1	0
2356	飲食チェーン店	214	炭火焼肉屋さかい	0	1	0
2356	飲食チェーン店	218	フォルクス	0	1	0
2356	飲食チェーン店	221	ステーキ宮	0	1	0
2356	飲食チェーン店	226	ペッパーランチ	0	1	0
2356	飲食チェーン店	230	味の民芸	0	1	0
2356	飲食チェーン店	247	一口茶屋	0	1	0
2356	飲食チェーン店	1975	しゃぶしゃぶどん亭	0	1	0
2356	飲食チェーン店	1976	めしや食堂	0	1	0
2356	飲食チェーン店	1977	ステーキのどん	0	1	0
2356	飲食チェーン店	2100	エクセルシオール・カフェ	0	1	0
2356	飲食チェーン店	2101	コメダ珈琲店	0	1	0
2356	飲食チェーン店	2104	大阪王将	0	1	0
2356	飲食チェーン店	2108	ポポラマーマ	0	1	0
2356	飲食チェーン店	2109	洋麺屋五右衛門	0	1	0
2356	飲食チェーン店	2113	幸楽苑	0	1	0
2356	飲食チェーン店	2116	日高屋	0	1	0
2356	飲食チェーン店	2122	山岡家	0	1	0
2356	飲食チェーン店	2129	かっぱ寿司	0	1	0
2356	飲食チェーン店	2131	くら寿司	0	1	0
2356	飲食チェーン店	2132	元気寿司	0	1	0
2356	飲食チェーン店	2133	すしおんど	0	1	0
2356	飲食チェーン店	2135	スシロー	0	1	0
2356	飲食チェーン店	2160	はなまるうどん	0	1	0
2356	飲食チェーン店	2161	丸亀製麺	0	1	0
2356	飲食チェーン店	2239	すし日和	0	1	0
2356	飲食チェーン店	2311	フライングガーデン	0	1	0
2356	飲食チェーン店	2362	Ｓガスト	0	1	0
2356	飲食チェーン店	2363	おはしカフェ・ガスト	0	1	0
2356	飲食チェーン店	2364	ステーキガスト	0	1	0
2356	飲食チェーン店	2365	ベローチェ	0	1	0
2356	飲食チェーン店	2366	カウボーイ家族	0	1	0
2356	飲食チェーン店	2367	ステーキけん	0	1	0
2356	飲食チェーン店	2368	東京チカラめし	0	1	0
2356	飲食チェーン店	2369	バーガーキング	0	1	0
2356	飲食チェーン店	2370	らあめん花月	0	1	0
2356	飲食チェーン店	2371	かつや	0	1	0
2356	飲食チェーン店	2372	しゃぶしゃぶ温野菜	0	1	0
2356	飲食チェーン店	2373	まいどおおきに食堂	0	1	0
2356	飲食チェーン店	2374	やよい軒	0	1	0
2356	飲食チェーン店	2375	和幸	0	1	0
2356	飲食チェーン店	2376	大戸屋	0	1	0
2357	衣料品店	879	ユニクロ	1	1	0
2357	衣料品店	880	ジーンズメイト	1	1	0
2357	衣料品店	885	靴下屋	1	1	0
2357	衣料品店	886	ワークマン	1	1	0
2357	衣料品店	889	ハニーズ	1	1	0
2357	衣料品店	895	しまむら	1	1	0
2357	衣料品店	897	ライトオン	1	1	0
2357	衣料品店	898	ＮＥＸＴ	1	1	0
2357	衣料品店	901	ＭＯＶＩＮ	1	1	0
2357	衣料品店	902	ハニークラブ	1	1	0
2357	衣料品店	903	クロスオーバー	1	1	0
2357	衣料品店	905	シネマクラブ	1	1	0
2357	衣料品店	906	アベイル	1	1	0
2357	衣料品店	907	バースデイ	1	1	0
2357	衣料品店	909	ショセット	1	1	0
2357	衣料品店	910	タカキューアウトレットストア	1	1	0
2357	衣料品店	911	靴下屋デイリーソクサー	1	1	0
2357	衣料品店	913	アメリカ屋	1	1	0
2357	衣料品店	916	紳士服ゴトー	1	1	0
2357	衣料品店	917	紳士服のコナカ	1	1	0
2357	衣料品店	918	ＡＯＫＩ	1	1	0
2357	衣料品店	919	Ｔａｋａ‐Ｑ	1	1	0
2357	衣料品店	920	洋服の青山	1	1	0
2357	衣料品店	921	紳士服はるやま	1	1	0
2357	衣料品店	922	エフワン	1	1	0
2357	衣料品店	925	ｓｅｍａｎｔｉｃ　ｄｅｓｉｇｎ	1	1	0
2357	衣料品店	926	Ｐｅｒｆｅｃｔ　Ｓｕｉｔ　ＦＡｃｔｏｒｙ	1	1	0
2357	衣料品店	927	紳士服マスカット	1	1	0
2357	衣料品店	928	グッドヒル	1	1	0
2357	衣料品店	2180	Ｗｉｌｋｅｓ　Ｂａｓｈｆｏｒｄ	1	1	0
2357	衣料品店	2181	ｍ．ｆ．ｅｄｉｔｏｒｉａｌ	1	1	0
2357	衣料品店	2182	ＧＬＡＣＩＥＲ	1	1	0
2357	衣料品店	2183	ＣＯＬＺＡ	1	1	0
2357	衣料品店	2185	Ｔａｂｉｏ　ＨＯＭＭＥ	1	1	0
2357	衣料品店	2186	ＭＡＬＥ＆Ｃｏ．	1	1	0
2357	衣料品店	2241	Ｓｈｅｌｌｙ　Ｃｏａｔ	1	1	0
2357	衣料品店	2242	ＳＨＩＲＴＳ　ＣＯＤＥ	1	1	0
2357	衣料品店	2244	ＯＲＩＨＩＣＡ	1	1	0
2358	スポーツ用品店	952	アルペン	1	1	0
2358	スポーツ用品店	953	ヴィクトリア	1	1	0
2358	スポーツ用品店	954	ムラサキスポーツ	1	1	0
2358	スポーツ用品店	955	スポーツオーソリティ	1	1	0
2358	スポーツ用品店	956	スーパースポーツゼビオ	1	1	0
2358	スポーツ用品店	957	ゼビオスポーツ	1	1	0
2358	スポーツ用品店	958	スポーツデポ	1	1	0
2358	スポーツ用品店	959	ＩＣＩ石井スポーツ	1	1	0
2358	スポーツ用品店	960	ワードローブ	1	1	0
2358	スポーツ用品店	962	ゴルフ５	1	1	0
2358	スポーツ用品店	963	本間ゴルフ	1	1	0
2358	スポーツ用品店	964	二木ゴルフ	1	1	0
2358	スポーツ用品店	966	つるやゴルフ	1	1	0
2358	スポーツ用品店	967	ゴルフ・ドゥ	1	1	0
2358	スポーツ用品店	968	ヴィクトリアゴルフ	1	1	0
2358	スポーツ用品店	972	上州屋	1	1	0
2358	スポーツ用品店	975	キャンベル	1	1	0
2358	スポーツ用品店	976	アウトドアワールド	1	1	0
2358	スポーツ用品店	977	フィッシュオン	1	1	0
2358	スポーツ用品店	981	エル・ブレス	1	1	0
2358	スポーツ用品店	982	好日山荘	1	1	0
2358	スポーツ用品店	2010	ゴルフパートナー	1	1	0
2359	おもちゃ店	914	ベビーザらス	1	1	0
2359	おもちゃ店	984	トイザらス	1	1	0
2359	おもちゃ店	987	キデイランド	1	1	0
2360	【昭文社】グルメ（その他）	1	設定対象外	0	0	0
2361	【昭文社】グルメ（その他の和食）	1	設定対象外	0	0	0
2362	【昭文社】グルメ（寿司）	1	設定対象外	0	0	0
2363	【昭文社】グルメ（てんぷら）	1	設定対象外	0	0	0
2364	【昭文社】グルメ（活魚料理）	1	設定対象外	0	0	0
2365	【昭文社】グルメ（とんかつ）	1	設定対象外	0	0	0
2366	【昭文社】グルメ（そば）	1	設定対象外	0	0	0
2367	【昭文社】グルメ（うどん）	1	設定対象外	0	0	0
2368	【昭文社】グルメ（お好み焼き）	1	設定対象外	0	0	0
2369	【昭文社】グルメ（たこ焼き）	1	設定対象外	0	0	0
2370	【昭文社】グルメ（懐石）	1	設定対象外	0	0	0
2371	【昭文社】グルメ（割烹）	1	設定対象外	0	0	0
2372	【昭文社】グルメ（うなぎ）	1	設定対象外	0	0	0
2373	【昭文社】グルメ（釜飯）	1	設定対象外	0	0	0
2375	【昭文社】グルメ（カレー）	1	設定対象外	0	0	0
2376	【昭文社】グルメ（スパゲッティ）	1	設定対象外	0	0	0
2377	【昭文社】グルメ（ピザ）	1	設定対象外	0	0	0
2378	【昭文社】グルメ（ステーキ）	1	設定対象外	0	0	0
2379	【昭文社】グルメ（洋食中心のレストラン・食堂）	1	設定対象外	0	0	0
2380	【昭文社】グルメ（ラーメン）	1	設定対象外	0	0	0
2381	【昭文社】グルメ（中国料理・飲茶）	1	設定対象外	0	0	0
2382	【昭文社】グルメ（ぎょうざ）	1	設定対象外	0	0	0
2383	【昭文社】グルメ（自然食関連）	1	設定対象外	0	0	0
2384	【昭文社】グルメ（その他の軽食店）	1	設定対象外	0	0	0
2385	【昭文社】グルメ（サンドウィッチ）	1	設定対象外	0	0	0
2386	【昭文社】グルメ（ケーキ屋（喫茶店タイプ））	1	設定対象外	0	0	0
2387	【昭文社】グルメ（甘味処）	1	設定対象外	0	0	0
2388	【昭文社】グルメ（喫茶・カフェ・コーヒー専門店）	1	設定対象外	0	0	0
2389	【昭文社】グルメ（おでん）	1	設定対象外	0	0	0
2390	【昭文社】グルメ（焼き鳥）	1	設定対象外	0	0	0
2391	【昭文社】グルメ（その他の外国料理）	1	設定対象外	0	0	0
2392	【昭文社】グルメ（韓国料理・焼肉）	1	設定対象外	0	0	0
2393	【昭文社】グルメ（フランス料理）	1	設定対象外	0	0	0
2394	【昭文社】グルメ（イタリア料理）	1	設定対象外	0	0	0
2395	【昭文社】グルメ（スペイン料理）	1	設定対象外	0	0	0
2396	【昭文社】グルメ（ロシア料理）	1	設定対象外	0	0	0
2397	【昭文社】グルメ（アジア系料理）	1	設定対象外	0	0	0
2399	【昭文社】花火	1	設定対象外	0	0	0
2403	ホンダ関連施設	1	設定対象外	0	0	0
2404	交通教育センター	1	設定対象外	0	0	0
2405	ツインリンクもてぎゲート	1	設定対象外	0	0	0
2406	三菱電機関連施設	1	設定対象外	0	0	0
2407	三菱電機特約店	1	設定対象外	0	0	0
2411	【ホンダ専用】水素ステーション	1	設定対象外	0	0	0
2419	プール（その他）	1	設定対象外	1	1	0
2420	ホテル	1	設定対象外	1	1	0
2421	旅館	1	設定対象外	1	1	0
2422	温泉旅館	1	設定対象外	1	1	0
2423	郵便局（郵便）	1	設定対象外	0	1	0
2427	トヨタ関連施設	1	設定対象外	0	0	0
2428	カーシェアリング	2197	タイムズカープラス	0	0	0
2430	ＨｏｎｄａＤｏｇおでかけ情報（ショップ）	1	設定対象外	0	0	0
2431	ＨｏｎｄａＤｏｇおでかけ情報（レストラン・カフェ）	1	設定対象外	0	0	0
2432	ＨｏｎｄａＤｏｇおでかけ情報（宿泊施設）	1	設定対象外	0	0	0
2433	ＨｏｎｄａＤｏｇおでかけ情報（その他施設）	1	設定対象外	0	0	0
2434	【ぴあ】ブティックホテル	1	設定対象外	0	0	0
2445	一般ＰＯＩ取得対象外コンテンツ	1	設定対象外	0	0	0
2446	大使館・領事館	1	設定対象外	1	1	0
2447	ビジット・ジャパン案内所	1	設定対象外	1	1	0
2448	交通教育センター（鈴鹿）	1	設定対象外	0	0	0
2449	アクティブセーフティトレーニングパーク	1	設定対象外	0	0	0
2455	二輪車販売店	2257	カワサキ	1	1	0
2455	二輪車販売店	2258	スズキ（二輪）	1	1	0
2455	二輪車販売店	2259	ドゥカティ	1	1	0
2455	二輪車販売店	2260	トライアンフ	1	1	0
2455	二輪車販売店	2261	ハーレーダビッドソン	1	1	0
2455	二輪車販売店	2262	ＢＭＷ（二輪）	1	1	0
2455	二輪車販売店	2263	ビューエル	1	1	0
2455	二輪車販売店	2264	ホンダ（二輪）	1	1	0
2455	二輪車販売店	2265	モトグッツィ	1	1	0
2455	二輪車販売店	2266	ヤマハ	1	1	0
2455	二輪車販売店	2267	レッドバロン	1	1	0
2456	二輪車用品店	2252	ドライバースタンド（二輪）	1	1	0
2456	二輪車用品店	2253	ナップス	1	1	0
2456	二輪車用品店	2254	南海部品	1	1	0
2456	二輪車用品店	2255	ライコランド	1	1	0
2457	観光みどころ（名所）	1	設定対象外	0	0	0
2458	観光みどころ（複合型商業施設）	1	設定対象外	0	0	0
2470	観光みどころ（自然景観）	1	設定対象外	0	0	0
2471	観光みどころ（歴史的建造物）	1	設定対象外	0	0	0
2472	観光みどころ（文化施設）	1	設定対象外	0	0	0
2473	観光みどころ（レジャー施設）	1	設定対象外	0	0	0
2474	観光みどころ（体験施設・工房）	1	設定対象外	0	0	0
2475	観光みどころ（遊覧船）	1	設定対象外	0	0	0
2476	観光みどころ（観光乗り物）	1	設定対象外	0	0	0
2477	交番	1	設定対象外	0	1	0
2478	地域安全センター	1	設定対象外	0	1	0
2479	水素ステーション	1	設定対象外	0	0	0
2491	家具	828	島忠	1	1	0
2491	家具	2046	ＩＤＣ大塚家具	1	1	0
2491	家具	2050	東京インテリア家具	1	1	0
2491	家具	2051	ニトリ	1	1	0
2491	家具	2320	ＩＫＥＡ	1	1	0
2492	ホームセンター	765	ホーマック	1	1	0
2492	ホームセンター	766	西村ジョイ	1	1	0
2492	ホームセンター	768	Ｊマート	1	1	0
2492	ホームセンター	769	島忠ホームセンター	1	1	0
2492	ホームセンター	770	ドイト	1	1	0
2492	ホームセンター	771	カーマ	1	1	0
2492	ホームセンター	772	カインズホーム	1	1	0
2492	ホームセンター	773	カンセキ	1	1	0
2492	ホームセンター	774	コメリ	1	1	0
2492	ホームセンター	775	サンデー	1	1	0
2492	ホームセンター	776	ダイキ	1	1	0
2492	ホームセンター	777	ビバホーム	1	1	0
2492	ホームセンター	779	ケーヨーデイツー	1	1	0
2492	ホームセンター	780	ナフコ（ホームセンター）	1	1	0
2492	ホームセンター	781	セキチュー	1	1	0
2492	ホームセンター	783	ＨＩヒロセ	1	1	0
2492	ホームセンター	786	アヤハディオ	1	1	0
2492	ホームセンター	789	グッデイ	1	1	0
2492	ホームセンター	790	くろがねや	1	1	0
2492	ホームセンター	793	サンワドー	1	1	0
2492	ホームセンター	794	ジャンボエンチョー	1	1	0
2492	ホームセンター	795	山新	1	1	0
2492	ホームセンター	801	ホームセンターいない	1	1	0
2492	ホームセンター	803	ニシムタ	1	1	0
2492	ホームセンター	815	ホームワイド	1	1	0
2492	ホームセンター	817	メイクマン	1	1	0
2492	ホームセンター	819	ロイヤルホームセンター	1	1	0
2492	ホームセンター	825	コーナン	1	1	0
2492	ホームセンター	2040	ジュンテンドー	1	1	0
2492	ホームセンター	2041	ダイユーエイト	1	1	0
2492	ホームセンター	2044	ホームセンターバロー	1	1	0
2492	ホームセンター	2045	ホームセンタームサシ	1	1	0
2492	ホームセンター	2326	ジョイフル本田	1	1	0
2492	ホームセンター	2328	ナンバホームセンター	1	1	0
2492	ホームセンター	2329	ユニディ	1	1	0
2493	スーパーマーケット	388	ダイエー	1	1	0
2493	スーパーマーケット	389	東急ストア	1	1	0
2493	スーパーマーケット	392	イトーヨーカドー	1	1	0
2493	スーパーマーケット	393	西友	1	1	0
2493	スーパーマーケット	395	いなげや	1	1	0
2493	スーパーマーケット	397	ヨークベニマル	1	1	0
2493	スーパーマーケット	398	ヤマザワ	1	1	0
2493	スーパーマーケット	401	アピタ	1	1	0
2493	スーパーマーケット	402	イズミヤ	1	1	0
2493	スーパーマーケット	403	万代	1	1	0
2493	スーパーマーケット	404	ライフ	1	1	0
2493	スーパーマーケット	407	平和堂	1	1	0
2493	スーパーマーケット	408	関西スーパー	1	1	0
2493	スーパーマーケット	410	マルナカ	1	1	0
2493	スーパーマーケット	412	イズミ	1	1	0
2493	スーパーマーケット	413	ユアーズ	1	1	0
2493	スーパーマーケット	416	フジグラン	1	1	0
2493	スーパーマーケット	417	サニー	1	1	0
2493	スーパーマーケット	418	マルキョウ	1	1	0
2493	スーパーマーケット	419	サンリブ	1	1	0
2493	スーパーマーケット	420	マルショク	1	1	0
2493	スーパーマーケット	422	マルエツ	1	1	0
2493	スーパーマーケット	423	東武ストア	1	1	0
2493	スーパーマーケット	426	ベルク	1	1	0
2493	スーパーマーケット	428	三和	1	1	0
2493	スーパーマーケット	429	サミット	1	1	0
2493	スーパーマーケット	430	コープ	1	1	0
2493	スーパーマーケット	432	グルメシティ	1	1	0
2493	スーパーマーケット	435	清水フードセンター	1	1	0
2493	スーパーマーケット	438	オークワ	1	1	0
2493	スーパーマーケット	439	キョーエイ	1	1	0
2493	スーパーマーケット	441	タイヨー	1	1	0
2493	スーパーマーケット	442	とりせん	1	1	0
2493	スーパーマーケット	445	ヤマナカ	1	1	0
2493	スーパーマーケット	446	ヨークマート	1	1	0
2493	スーパーマーケット	448	丸久	1	1	0
2493	スーパーマーケット	449	相鉄ローゼン	1	1	0
2493	スーパーマーケット	450	コモディイイダ	1	1	0
2493	スーパーマーケット	451	Ｆｕｊｉ	1	1	0
2493	スーパーマーケット	456	アップルランド	1	1	0
2493	スーパーマーケット	458	アルビス	1	1	0
2493	スーパーマーケット	477	オーケー	1	1	0
2493	スーパーマーケット	479	オギノ	1	1	0
2493	スーパーマーケット	483	カスミ	1	1	0
2493	スーパーマーケット	500	サンエー	1	1	0
2493	スーパーマーケット	540	トーホー	1	1	0
2493	スーパーマーケット	558	ハローズ	1	1	0
2493	スーパーマーケット	568	フクハラ	1	1	0
2493	スーパーマーケット	573	フレスタ	1	1	0
2493	スーパーマーケット	578	マックスバリュ	1	1	0
2493	スーパーマーケット	581	マルヨシセンター	1	1	0
2493	スーパーマーケット	585	ヤオコー	1	1	0
2493	スーパーマーケット	591	ラルズマート	1	1	0
2493	スーパーマーケット	592	ユニバース	1	1	0
2493	スーパーマーケット	612	近商ストア	1	1	0
2493	スーパーマーケット	614	原信	1	1	0
2493	スーパーマーケット	623	西鉄ストア	1	1	0
2493	スーパーマーケット	642	タウンプラザかねひで	1	1	0
2493	スーパーマーケット	645	ベイシア	1	1	0
2493	スーパーマーケット	647	Ａコープ	1	1	0
2493	スーパーマーケット	649	阪急オアシス	1	1	0
2493	スーパーマーケット	756	オリンピック	1	1	0
2493	スーパーマーケット	1980	エコス	1	1	0
2493	スーパーマーケット	1982	サンディ	1	1	0
2493	スーパーマーケット	1983	スーパー玉出	1	1	0
2493	スーパーマーケット	1984	バロー	1	1	0
2493	スーパーマーケット	1985	フレスコ	1	1	0
2493	スーパーマーケット	1986	マミーマート	1	1	0
2493	スーパーマーケット	1987	マルアイ	1	1	0
2493	スーパーマーケット	1988	マルヤ	1	1	0
2493	スーパーマーケット	1989	ゆめタウン	1	1	0
2493	スーパーマーケット	1990	リオン・ドール	1	1	0
2493	スーパーマーケット	2015	ジョイス	1	1	0
2493	スーパーマーケット	2016	スーパー大栄	1	1	0
2493	スーパーマーケット	2017	ＦＥＥＬ	1	1	0
2493	スーパーマーケット	2018	フレッセイ	1	1	0
2493	スーパーマーケット	2284	ピアゴ	1	1	0
2493	スーパーマーケット	2295	成城石井	1	1	0
2493	スーパーマーケット	2297	つるかめ	1	1	0
2493	スーパーマーケット	2299	トライアル	1	1	0
2493	スーパーマーケット	2304	丸和	1	1	0
2493	スーパーマーケット	2313	イオン	1	1	0
2493	スーパーマーケット	2330	さとう	1	1	0
2493	スーパーマーケット	2332	まいばすけっと	1	1	0
2493	スーパーマーケット	2334	ディオ	1	1	0
2493	スーパーマーケット	2335	ラ・ムー	1	1	0
2493	スーパーマーケット	2336	肉のハナマサ	1	1	0
2493	スーパーマーケット	2337	フレンドマート	1	1	0
2493	スーパーマーケット	2338	アル・プラザ	1	1	0
2493	スーパーマーケット	2345	ピーコックストア	1	1	0
2497	顧客関連拠点	1	設定対象外	1	1	0
2498	第一交通グループ事業所	1	設定対象外	1	1	0
2499	シャープ関連施設	1	設定対象外	1	1	0
2500	日産自動車関連施設	1	設定対象外	1	1	0
2501	観光みどころ（町並み）	1	設定対象外	0	0	0
2502	充電ステーション（チャデモ）	1	設定対象外	0	0	0
2505	充電ステーション（その他）	1	設定対象外	0	0	0
2506	【三菱電機専用】カーディーラー修理・サービス	1119	メルセデスベンツ	0	0	0
2518	充電ステーション	2343	日産（充電）	0	0	0
2518	充電ステーション	2344	三菱（充電）	0	0	0
2518	充電ステーション	2349	スバル（充電）	0	0	0
2518	充電ステーション	2350	スズキ（充電）	0	0	0
2518	充電ステーション	2351	トヨタ（充電）	0	0	0
2518	充電ステーション	2354	メルセデスベンツ（充電）	0	0	0
2518	充電ステーション	2355	ダイハツ（充電）	0	0	0
2518	充電ステーション	2360	ホンダ（充電）	0	0	0
2518	充電ステーション	2361	マツダ（充電）	0	0	0
2519	ケンウッド関連施設	1	設定対象外	0	0	0
2527	ＬＰガススタンド	1	設定対象外	1	1	0
2528	ＣＮガススタンド	1	設定対象外	1	1	0
2529	レンタルショップ	1967	ＴＳＵＴＡＹＡ	1	1	0
2530	３ＤランドマークＰＯＩ	1	設定対象外	0	0	0
2536	展望台	1	設定対象外	0	0	0
2538	仮設商店街	1	設定対象外	0	0	0
2539	仮設商店街（食べる）	1	設定対象外	0	0	0
2540	仮設商店街（買う）	1	設定対象外	0	0	0
2541	仮設商店街（その他）	1	設定対象外	0	0	0
2851	山岳等／湖・沼等	1	設定対象外	0	0	0
2852	島	1	設定対象外	0	0	0
2853	【るるぶ】イベント（祭り・イベント）	1	設定対象外	0	0	0
2854	【るるぶ】イベント（花火）	1	設定対象外	0	0	0
2855	【るるぶ】食べる（てんぷら料理）	1	設定対象外	0	0	0
2856	【るるぶ】食べる（鳥料理)	1	設定対象外	0	0	0
2857	【るるぶ】食べる（うなぎ料理）	1	設定対象外	0	0	0
2858	【るるぶ】食べる（おでん）	1	設定対象外	0	0	0
2859	【るるぶ】食べる（とんかつ・串かつ料理）	1	設定対象外	0	0	0
2860	【るるぶ】食べる（その他和食・日本料理）	1	設定対象外	0	0	0
2861	【るるぶ】食べる（郷土料理）	1	設定対象外	0	0	0
2862	【るるぶ】食べる（寿司）	1	設定対象外	0	0	0
2863	【るるぶ】食べる（鮮魚料理）	1	設定対象外	0	0	0
2864	【るるぶ】食べる（フランス料理）	1	設定対象外	0	0	0
2865	【るるぶ】食べる（イタリア料理）	1	設定対象外	0	0	0
2866	【るるぶ】食べる（中国料理）	1	設定対象外	0	0	0
2867	【るるぶ】食べる（焼肉・韓国料理）	1	設定対象外	0	0	0
2868	【るるぶ】食べる（カレー・インド料理）	1	設定対象外	0	0	0
2869	【るるぶ】食べる（スペイン料理）	1	設定対象外	0	0	0
2870	【るるぶ】食べる（その他各国料理）	1	設定対象外	0	0	0
2871	【るるぶ】食べる（ステーキ・ハンバーグ）	1	設定対象外	0	0	0
2872	【るるぶ】食べる（その他洋食料理・レストラン）	1	設定対象外	0	0	0
2873	【るるぶ】食べる（ラーメン）	1	設定対象外	0	0	0
2874	【るるぶ】食べる（餃子）	1	設定対象外	0	0	0
2875	【るるぶ】食べる（そば・うどん）	1	設定対象外	0	0	0
2876	【るるぶ】食べる（お好み焼・もんじゃ焼）	1	設定対象外	0	0	0
2877	【るるぶ】食べる（たこ焼）	1	設定対象外	0	0	0
2878	【るるぶ】食べる（カフェ・喫茶・カフェレストラン）	1	設定対象外	0	0	0
2879	【るるぶ】食べる（ケーキ・フルーツパーラー）	1	設定対象外	0	0	0
2880	【るるぶ】食べる（茶屋・甘味処）	1	設定対象外	0	0	0
2881	【るるぶ】食べる（小料理・割烹）	1	設定対象外	0	0	0
2882	【るるぶ】食べる（食事処その他）	1	設定対象外	0	0	0
2883	【るるぶ】食べる（パスタ）	1	設定対象外	0	0	0
2884	【るるぶ】食べる（ピザ）	1	設定対象外	0	0	0
2887	【るるぶ】食べる（タイ料理）	1	設定対象外	0	0	0
2888	【ぴあ】ミステリースポット	1	設定対象外	0	0	0
2889	住宅販売	2380	トヨタホーム	0	0	0
2890	地下街出入口	1	設定対象外	0	0	0
2891	ドラッグストア	699	マツモトキヨシ	1	1	0
2892	国立・国定公園	1	設定対象外	0	0	0
